49.12395852996269	1163.3409977997653	-0.5019996795654293
49.35744023847579	1163.7830529713756	-0.49342547159269184
49.59228063874204	1164.2244397031354	-0.48815864815810744
49.82879796241322	1164.664952133711	-0.48526830012651884
50.06396076767344	1165.1061958626135	-0.48371050479601024
50.29734736201154	1165.5483836350943	-0.482891083237461
50.53207259317902	1165.9898625923374	-0.48226166692084144
50.76892677910203	1166.4302032400178	-0.48180492717414114
51.00772529856188	1166.8694925822842	-0.4814295940291784
51.247934008758655	1167.3080124357848	-0.4810925013774805
51.489066326261785	1167.746025110904	-0.48077329843056354
51.73064206779624	1168.1837934220644	-0.4805147529562777
51.97252564462368	1168.6213916769636	-0.480194486982781
52.21465111558345	1169.0588561124853	-0.4798423986984253
52.456941474492226	1169.4962292326038	-0.4794739186097939
52.69933622967991	1169.9335444971348	-0.47909700247596443
52.941699963445686	1170.3708770007743	-0.4787779168978878
53.18400660147442	1170.8082411808334	-0.4785187483712943
53.42625824464337	1171.2456357714036	-0.4781818182270304
53.66847669720261	1171.6830487169311	-0.47781259645643037
53.910777391151214	1172.1204161114106	-0.4774438711439805
54.15316857818384	1172.5577333677957	-0.47708370916973414
54.395629675092074	1172.9950118748995	-0.47673198340643025
54.63802532790121	1173.4323265553087	-0.4762652951491935
54.880366608122756	1173.8696714171315	-0.47584608435503
55.122777396321204	1174.3069778450224	-0.47553321012202987
55.36519673448829	1174.7442795532731	-0.4752495841196545
55.607607257714385	1175.1815861497184	-0.47496863089572033
55.850006833237124	1175.6188988115816	-0.4746830427368267
56.09237697429631	1176.0562277069605	-0.4742931842110291
56.33474397902749	1176.4935583339243	-0.4738960229337202
56.577048955124255	1176.930923248868	-0.47341671632194476
56.81937350917589	1177.3682773164783	-0.4729370824910213
57.06173312977372	1177.8056119746282	-0.4724776429607869
57.30412291176088	1178.2429299375765	-0.472038472135088
57.54657583262451	1178.6802129821383	-0.4716919127762555
57.78908432344161	1179.1174652717575	-0.47143286773245985
58.03145077053237	1179.5547963538627	-0.4712598092089144
58.27403275859962	1179.992007838072	-0.4709481349807565
58.5167759649379	1180.4291297474351	-0.47053324792654316
58.759549150978046	1180.8662349884373	-0.4700991646477083
58.814958543807734	1180.965997801628	-0.47000009155273403
58.814958543807734	1180.965997801628	0
59.05792177671009	1181.4029976499776	0
59.30088500961243	1181.8399974983272	0
59.543848242514755	1182.2769973466768	0
59.78681147541493	1182.7139971950278	0
60.02977470831302	1183.15099704338	0
60.27273794120958	1183.5879968917327	0
60.51570117410502	1184.0249967400862	0
60.75866440699982	1184.4619965884401	0
61.001627639894224	1184.8989964367943	0
61.2445908727734	1185.3359962851569	0
61.4875541056374	1185.7729961335278	0
61.73051733849002	1186.2099959819052	0
61.97348057133508	1186.6469958302866	0
62.21644380417544	1187.0839956786708	0
62.45940703701295	1187.5209955270566	0
62.702397726275784	1187.957980109086	0
62.945415871005515	1188.394949423034	0
63.18845460670601	1188.8319072847885	0
63.431507069420555	1189.2688575112084	0
63.67456811139704	1189.7058029653251	0
63.91763430088569	1190.1427455559792	0
64.16066452976479	1190.5797081491735	0
64.40365750939549	1191.0166914576077	0
64.64662222917141	1191.453690479282	0
64.88956800122402	1191.8907000350605	0
65.13250189049629	1192.3277161965957	0
65.37542863392552	1192.7647363303731	0
65.61836114383212	1193.2017532586842	0
65.86130120661423	1193.6387659883562	0
66.10424738061148	1194.0757753206824	0
66.34719777759365	1194.512782305302	0
66.5901508697551	1194.949787791548	0
66.83310560134967	1195.3867923663477	0
67.07606265566872	1195.8237956483192	0
67.31902162158376	1196.2607978630397	0
67.5619819178982	1196.6977993327887	0
67.80494306659405	1197.1348003241653	0
68.04790473505913	1197.5718010233902	0
68.29086671020309	1198.0088015500653	0
68.53382904941346	1198.4458018819375	0
68.77679167520904	1198.8828020606845	0
69.01975449620817	1199.3198021343503	0
69.26271744067564	1199.7568021410568	0
69.5056804597998	1200.1938021070544	0
69.74864352271626	1200.630802049088	0
69.99160663530164	1201.0678019639029	0
70.23456978657681	1201.5048018574337	0
70.47753296411588	1201.9418017364699	0
70.720496158245	1202.37880160633	0
70.96345936239831	1202.8158014706376	0
71.20642257242848	1203.2528013316871	0
71.44941350826117	1203.6897857766	0
71.69243216744749	1204.1267548044316	0
71.9354716181387	1204.5637122685011	0
72.17852492940425	1205.0006620229149	0
72.42158690335822	1205.4376069585958	0
72.66465407486069	1205.874549002965	0
72.90770014613535	1206.3115027845458	0
73.15072381716277	1206.7484690250271	0
73.39373036271587	1207.1854447895935	0
73.63672538278752	1207.6224269633951	0
73.87971315873799	1208.0594131653954	0
74.12269657193994	1208.4964017932896	0
74.36567430760854	1208.9333935780744	0
74.6086474564081	1209.370387913235	0
74.85161743771562	1209.8073840095371	0
75.09458539824746	1210.2443812293852	0
75.33755212987676	1210.681379132494	0
75.58051813779754	1211.118377437977	0
75.82347729274339	1211.5553795535645	0
76.06642977558525	1211.9923853785613	0
76.30937729954509	1212.4293939604013	0
76.55232155893312	1212.8664043571086	0
76.79526423891537	1213.3034156318408	0
77.02295856975252	1213.7129978006706	0
77.02295856975252	1213.7129978006706	0
77.26604124627882	1214.149931219366	0
77.50912392280514	1214.5868646380613	0
77.75152646093426	1215.0241757510103	0
77.99392899906337	1215.4614868639592	0
78.23633153719248	1215.898797976908	0
78.47917430003093	1216.3358646659842	0
78.72187756560291	1216.7730088890296	0
78.96447618699536	1217.2102112243163	0
79.2070185153231	1217.6474448084161	0
79.44953071189703	1218.08469511374	0
79.6921037666584	1218.5219116409794	0
79.93474519996167	1218.95909018718	0
80.1773425628348	1219.3962932021298	0
80.41987875599528	1219.8335301726547	0
80.66236479287294	1220.2707949739984	0
80.90492995294149	1220.708015897253	0
81.14758676451262	1221.145185965415	0
81.39019663261182	1221.582382089133	0
81.63273663980881	1222.0196169738645	0
81.87521851814174	1222.4568840987527	0
82.11780210965104	1222.8940947961282	0
82.36050192469257	1223.331240966701	0
82.60329252423033	1223.7683366981114	0
82.84598669087143	1224.205485996066	0
83.08856171040952	1224.6427014375563	0
83.33104168016	1225.0799696111312	0
83.57355274069224	1225.5172205310228	0
83.8161186498421	1225.9544410060753	0
84.05873163079092	1226.391635342376	0
84.30133477532367	1226.8288351569884	0
84.54391631304094	1227.2660469801006	0
84.78647870120481	1227.7032694387708	0
85.02820895694323	1228.1409132918518	0
85.26920365301184	1228.5788686093065	0
85.50993062848887	1229.0169242199624	0
85.6429585806909	1229.2589978002943	0
85.6429585806909	1229.2589978002943	0
85.88951122821818	1229.6939823281368	0
86.13606387574545	1230.1289668559793	0
86.38261652327269	1230.5639513838219	0
86.6291691708271	1230.9989359116491	0
86.87572181840872	1231.433920439461	0
87.12227446601077	1231.8689049672612	0
87.36882711362641	1232.3038894950537	0
87.61537976125052	1232.7388740228414	0
87.86193240887978	1233.1738585506262	0
88.10848505649005	1233.6088430784216	0
88.35503770408009	1234.0438276062287	0
88.60159035165466	1234.4788121340443	0
88.8481429992188	1234.913796661866	0
89.09469564677634	1235.3487811896914	0
89.34124829432994	1235.7837657175191	0
89.58780094190573	1236.2187502453341	0
89.8343535895046	1236.6537347731362	0
90.08090623712108	1237.0887193009282	0
90.32745888474938	1237.5237038287135	0
90.57401153238503	1237.9586883564946	0
90.82056418002516	1238.3936728842732	0
91.06711682766529	1238.8286574120518	0
91.31372469646485	1239.2636106354537	0
91.56036707646818	1239.6985442900616	0
91.80701635852584	1240.133474030582	0
92.05367081708344	1240.5684008354651	0
92.3003287266216	1241.0033256832223	0
92.54696463492738	1241.4382630078155	0
92.79357767857645	1241.8732132973287	0
93.04017335758266	1242.308173432033	0
93.28675738803982	1242.7431401705746	0
93.53333411110046	1243.1781110516413	0
93.77990643890439	1243.6130844242778	0
94.02647316582886	1244.0480609717576	0
94.27303539066568	1244.4830400711485	0
94.51959451362849	1244.918020928729	0
94.76615166023831	1245.3530029065194	0
95.01270760596371	1245.7879855649724	0
95.25926284489304	1246.222968624036	0
95.50583316868959	1246.6579431323598	0
95.75241875374871	1247.0929089892563	0
95.9990158287278	1247.5278683321885	0
96.24562057828184	1247.9628233239616	0
96.49223012992763	1248.3977755930612	0
96.73884256502258	1248.8327262272787	0
96.98544257488062	1249.2676839062672	0
97.2320294384161	1249.7026490383525	0
97.47860626183844	1250.1376198621658	0
97.72517633170406	1250.57259451439	0
97.9717421580384	1251.0075715720875	0
98.21830542923132	1251.4425500781574	0
98.46485789218929	1251.8775346899538	0
98.71140018526053	1252.3125250446121	0
98.95793606267908	1252.7475190214238	0
99.2044701488952	1253.1825140094397	0
99.29995859932387	1253.3509978000075	0
99.29995859932387	1253.3509978000075	0
99.54282366347586	1253.7880509785039	0
99.78568872762783	1254.2251041570003	0
100.02855379177979	1254.6621573354967	0
100.2714318167773	1255.099203311643	0
100.51432280240681	1255.5362420850545	0
100.75722350837015	1255.9732754561628	0
101.00013069448929	1256.4103052256155	0
101.24304193067866	1256.8473327439847	0
101.4859555969001	1257.2843589116858	0
101.72799078366934	1257.7218716441928	0
101.9691458546512	1258.1598694325958	0
102.20964001717978	1258.598229881414	0
102.44969320727958	1259.036831551221	0
102.689470643493	1259.4755837579835	0
102.92901092785914	1259.9144650300918	0
103.16838297230619	1260.3534376825885	0
103.40764605932988	1260.7924694380163	0
103.64684224870179	1261.231537450347	0
103.88599878024513	1261.6706269444355	0
104.12612438588613	1262.1091877814667	0
104.3672277701882	1262.5472123845427	0
104.60906615546475	1262.9848320099907	0
104.85139497405149	1263.4221805070217	0
105.09409444007736	1263.8593234524003	0
105.33704191262763	1264.296328575618	0
105.58014472498522	1264.73324725893	0
105.82334087594869	1265.1701139601619	0
106.06659153125146	1265.606950291263	0
106.30970369458961	1266.0438653372275	0
106.55266350610316	1266.4808662633097	0
106.79550549187361	1266.917933212417	0
107.03826771771587	1267.355044672478	0
107.28093461319402	1267.7922091231671	0
107.52352611716397	1268.2294154318631	0
107.76606606235802	1268.666650349732	0
108.00677171766269	1269.1048977520081	0
108.24565179344759	1269.5441428948454	0
108.48316323851371	1269.984129581174	0
108.71938943384201	1270.4248076230774	0
108.9546718457822	1270.8659902635502	0
109.18933165230531	1271.3075043616802	0
109.42360589910176	1271.7492231557678	0
109.65769014764467	1272.1910426622642	0
109.88495861337287	1272.6199978012592	0
109.88495861337287	1272.6199978012592	0
110.11817592304264	1273.0622756398068	0
110.3513932305625	1273.5045534743301	0
110.5846105316762	1273.9468312967576	0
110.81782782519221	1274.3891091048163	0
111.04979273987979	1274.8320450787573	0
111.28050338126715	1275.27563563805	0
111.51027208833622	1275.7197147739478	0
111.73941226123122	1276.1641184978594	0
111.96815936904676	1276.6087246282768	0
112.1966705542594	1277.053452031387	0
112.42468573776745	1277.4984340939668	0
112.65226364934543	1277.9436399940614	0
112.87952820439068	1278.3890058918053	0
113.10658870460247	1278.8344757912075	0
113.33352348900698	1279.280009690295	0
113.56038357301041	1279.725581590835	0
113.78704874017137	1280.1712523259328	0
114.01353757015083	1280.617012200415	0
114.23989875770232	1281.0628364340066	0
114.46617638015576	1281.5087027261693	0
114.6924023479074	1281.9545949857222	0
114.91859755286532	1282.4005026987809	0
115.14480554523286	1282.84640348687	0
115.37103400243534	1283.2922934618357	0
115.59535865285308	1283.73914527689	0
115.81777016630419	1284.186953280136	0
116.03874282877273	1284.6354735584669	0
116.25875456614294	1285.0844662507063	0
116.47816506798785	1285.5337531948442	0
116.69721458991447	1285.9832163158871	0
116.91553450609948	1286.4330344467858	0
117.13321464185638	1286.8831626004442	0
117.35043726958965	1287.3335117139832	0
117.56730943739701	1287.7840296977015	0
117.78394550784313	1288.2346612618355	0
118.00043309644512	1288.6853641800171	0
118.21659990849324	1289.136221017249	0
118.43248299046668	1289.5872137413176	0
118.64778728071765	1290.0384829861162	0
118.86258347206481	1290.4899942080776	0
119.07701619087344	1290.9416780896545	0
119.29117655872778	1291.3934910074997	0
119.50515542812965	1291.8453897482107	0
119.71902088577582	1292.2973420427209	0
119.93199268728026	1292.7497161643162	0
120.14409845829003	1293.202497048082	0
120.35556134373815	1293.6555785859784	0
120.56643906487182	1294.1089326967888	0
120.77689224183905	1294.562483948769	0
120.98706715019378	1295.016164139111	0
121.19688974774692	1295.4700072471248	0
121.40642954605843	1295.9239808767231	0
121.61577461134706	1296.3780442526252	0
121.82499564439611	1296.8321647359949	0
122.0324844602014	1297.2870798243987	0
122.23826919178465	1297.7427687009338	0
122.44278181028174	1298.1990301114604	0
122.64644812325434	1298.6556700046303	0
122.84958615799611	1299.112545179112	0
123.05240751440776	1299.5695610354837	0
123.25341719117338	1300.02737661967	0
123.4526916214831	1300.4859501578158	0
123.65068275401212	1300.945079207587	0
123.84748310719779	1301.4047199343984	0
124.04341311295148	1301.864732343979	0
124.2387704065957	1302.3249882698442	0
124.43377258738481	1302.7853947664594	0
124.62790321348795	1303.2461694289157	0
124.82125061145959	1303.707273287731	0
125.01403253575897	1304.1686138455134	0
125.20644478148789	1304.6301087046338	0
125.3986287276164	1305.0916986806114	0
125.58853124245636	1305.5542319200717	0
125.77620523757781	1306.0176738477564	0
125.96221956451122	1306.4817844027482	0
126.1465902367067	1306.9465503438237	0
126.32973140028524	1307.4118021349393	0
126.51205384334483	1307.8773753674882	0
126.6938649642578	1308.3431485097412	0
126.87557075310768	1308.8089628173045	0
127.05729903487384	1309.2747683842497	0
127.23907612309317	1309.7405549125353	0
127.42089638471526	1310.2063245837608	0
127.60274761386599	1310.672082157479	0
127.78469893517055	1311.137800597367	0
127.96674257561335	1311.6034828967372	0
128.14885349875138	1312.0691388290788	0
128.33100861959716	1312.534777428377	0
128.5098402156777	1313.0017026719242	0
128.68532846303646	1313.4698947982956	0
128.85830099257282	1313.9390221806134	0
129.02946487322507	1314.4088124198163	0
129.1994488958982	1314.8790307559486	0
129.36870529766523	1315.3495113978793	0
129.53570053523467	1315.8207993816713	0
129.70061384452106	1316.2928199375774	0
129.86400972048338	1316.7653679456323	0
130.02637451982295	1317.2382711720413	0
130.18808764896949	1317.7113975799498	0
130.34940693185098	1318.1846583693143	0
130.510348869586	1318.6580477250432	0
130.669340911149	1319.132095587242	0
130.8264755305701	1319.6067624030004	0
130.98223962610584	1320.0818807431706	0
131.13687502300837	1320.5573676831368	0
131.29072429338015	1321.0331095977076	0
131.44406965778165	1321.5090141918524	0
131.5959549302313	1321.9853867943962	0
131.74463870598268	1322.4627683253452	0
131.89048179105188	1322.9410253507601	0
132.0342834687131	1323.4199001378659	0
132.17675389164822	1323.8991726698582	0
132.31840354692224	1324.3786884198319	0
132.45956534441396	1324.858348012606	0
132.60033579096506	1325.3381225972093	0
132.74083689477442	1325.817976119129	0
132.88116652298393	1326.2978798090708	0
133.0213920279631	1326.7778139288707	0
133.1600796709473	1327.2581947218966	0
133.29725474765357	1327.7390096353627	0
133.43330152722538	1328.2201450262837	0
133.5684431399103	1328.7015354359362	0
133.70296170822587	1329.183100304117	0
133.83708358655295	1329.6647757909857	0
133.97067235804602	1330.1465994067812	0
134.09682016014574	1330.6304245044773	0
134.21563230102117	1331.116103074672	0
134.3289609741148	1331.6030903377025	0
134.4381753846625	1332.091016704326	0
134.54464652742953	1332.5795489414497	0
134.6494035649034	1333.0684515342193	0
134.75108068038446	1333.5580038756157	0
134.85010562528652	1334.0480995366495	0
134.9426840417253	1334.5394538772275	0
135.02947059661793	1335.0318643244905	0
135.1120760459157	1335.5249934486858	0
135.19194936407504	1336.0185724727523	0
135.27013666954073	1336.5124213781767	0
135.34732146868805	1337.0064279547094	0
135.420074362575	1337.5011066482352	0
135.48864528819303	1337.9963823539917	0
135.55414305675717	1338.4920738313574	0
135.61746726236376	1338.988047665699	0
135.67938697178818	1339.4841988012922	0
135.74044602536944	1339.9804565890324	0
135.7975814432309	1340.4771814035626	0
135.85100976646962	1340.9743186131598	0
135.90171334966212	1341.4717410996677	0
135.9506200799587	1341.969343459925	0
135.9984117943686	1342.4670541437858	0
136.04290902298882	1342.965070121645	0
136.084392846313	1343.4633460771634	0
136.1236884673575	1343.9617992952142	0
136.161550218753	1344.4603634168234	0
136.19852568566068	1344.958994010699	0
136.23497360923602	1345.4576634174614	0
136.2709530229505	1345.9563666736894	0
136.30442029757333	1346.4552450015665	0
136.33549525577092	1346.9542782347899	0
136.36480746569998	1347.453418207879	0
136.3928641507334	1347.9526303770908	0
136.4201065822225	1348.4518876634004	0
136.44684894230593	1348.9511719931677	0
136.47301058885174	1349.450487091656	0
136.49871705074983	1349.9498258210422	0
136.52411376617852	1350.4491803848928	0
136.54866904717048	1350.9485770373906	0
136.57246137206693	1351.4480106280132	0
136.59570163066735	1351.9474702178914	0
136.6185808330814	1352.4469464802517	0
136.64123713274984	1352.9464329047457	0
136.6637711351499	1353.4459248623173	0
136.6862738547223	1353.9454182303798	0
136.69395864993567	1354.1159978010692	0
136.69395864993567	1354.1159978010692	0
136.708181195439	1354.6157947793522	0
136.72240374094235	1355.1155917576352	0
136.7366262864457	1355.6153887359183	0
136.75084883194904	1356.1151857142013	0
136.7650713774524	1356.6149826924843	0
136.77915021140564	1357.1147837391675	0
136.79322904535888	1357.6145847858506	0
136.80730787931213	1358.1143858325338	0
136.82138671326538	1358.614186879217	0
136.83546554721863	1359.1139879259001	0
136.84954438117188	1359.6137889725833	0
136.8637471659282	1360.113586512735	0
136.87794995068452	1360.6133840528869	0
136.89215273544085	1361.1131815930387	0
136.90635552019717	1361.6129791331905	0
136.92056258037564	1362.1127765517274	0
136.93477391597523	1362.612573848613	0
136.94898845813998	1363.112371054236	0
136.9632051380145	1363.612168199006	0
136.9774231539575	1364.1119653057378	0
136.99164197154153	1364.6117623896453	0
137.00582553679587	1365.1115604752968	0
137.0199736492386	1365.6113595658837	0
137.03409512192312	1366.1111594099386	0
137.04819881804562	1366.6109597559885	0
137.06229139754504	1367.1107604156407	0
137.07637730456221	1367.6105612634065	0
137.09049205931436	1368.11036129713	0
137.10463732986963	1368.6101604679343	0
137.1188059042707	1369.1099589785028	0
137.13299015356088	1369.6097570443653	0
137.147184251778	1370.1095548305564	0
137.16138428019988	1370.6093524482587	0
137.17559096369715	1371.1091498770072	0
137.18980281971733	1371.6089471588812	0
137.20401818449125	1372.1087443411084	0
137.2182357648881	1372.608541460406	0
137.23245468371948	1373.1083385416862	0
137.24667438707965	1373.6081356006814	0
137.26087069768732	1374.1079333233608	0
137.27504341937902	1374.6077317141812	0
137.2891984003301	1375.1075306067626	0
137.3033415377667	1375.6073298339627	0
137.3174772668737	1376.10712927033	0
137.3316085485299	1376.606928832214	0
137.34573727952215	1377.1067284660653	0
137.35986488859047	1377.6065281315678	0
137.37095864961157	1377.9989978000522	0
137.37095864961157	1377.9989978000522	0
137.427356161405	1378.4958050480484	0
137.4837536731984	1378.9926122960446	0
137.54015118499183	1379.4894195440409	0
137.5981031971908	1379.9860476680947	0
137.65760916399026	1380.4824917921278	0
137.71828021436312	1380.9787947190105	0
137.77978024106127	1381.4749952270017	0
137.841817944921	1381.971128440323	0
137.90418607735143	1382.4672199535917	0
137.96633551333116	1382.9633392989513	0
138.02818363101184	1383.4594967223613	0
138.089447381079	1383.9557261918123	0
138.1502020349851	1384.4520176451488	0
138.210593666923	1384.948352884039	0
138.2707495490198	1385.4447163742268	0
138.33076043787372	1385.9410971671448	0
138.39068527193427	1386.4374882025838	0
138.45048651883877	1386.9338939000074	0
138.51018569151893	1387.4303116763142	0
138.5698136869489	1387.9267378594293	0
138.6293960240339	1388.423169428466	0
138.68934739958632	1388.9195587017618	0
138.7496791238627	1389.4159035395974	0
138.81029889182372	1389.912214184141	0
138.8711116039969	1390.4085016666231	0
138.93204524700823	1390.9047745269659	0
138.99305158448254	1391.4010385587662	0
139.0540827505161	1391.897299654336	0
139.11512056913696	1392.393559999075	0
139.17615883255326	1392.8898203204458	0
139.23719587755514	1393.3860808049947	0
139.29823159298692	1393.8823414585893	0
139.35926628348864	1394.3786022405686	0
139.42043445191473	1394.8748465893916	0
139.4813143419029	1395.3711263703733	0
139.5418725616596	1395.867445431742	0
139.60218117096775	1396.363794793588	0
139.66232058630368	1396.8601646054726	0
139.72235321110713	1397.3565472882888	0
139.78232134461845	1397.8529377303119	0
139.84235273268044	1398.3493204940683	0
139.90246349395832	1398.8456936282973	0
139.96263781260268	1399.3420590457772	0
140.0228558443972	1399.8384191521054	0
140.0831016996231	1400.3347758762297	0
140.1433644498251	1400.83113054599	0
140.2036434060839	1401.3274832791465	0
140.2639343442654	1401.8238345879395	0
140.31859744717013	1402.320837544747	0
140.36762169570196	1402.8184281556153	0
140.41241196140007	1403.3164172157212	0
140.44904668430115	1403.8150713857485	0
140.47857736737322	1404.3141952623143	0
140.503042895124	1404.8135918707328	0
140.5242202697021	1405.3131378778817	0
140.54179131712715	1405.812822802078	0
140.55657885188396	1406.3125970951735	0
140.56948505834876	1406.8124229852551	0
140.57891078019065	1407.3123324247483	0
140.58532751529944	1407.8122912260665	0
140.5896062394475	1408.3122713606745	0
140.59249969608507	1408.8122590620853	0
140.59417014755013	1409.3122471176982	0
140.59496430448826	1409.8122313883853	0
140.59518812235723	1410.3122112269277	0
140.59510705825824	1410.8121880919014	0
140.59498061274	1411.3121644803455	0
140.59495865233475	1411.398997799959	0
140.59495865233475	1411.398997799959	0
140.59612726058697	1411.8989950686737	0
140.59729586883918	1412.3989923373883	0
140.5984644770914	1412.898989606103	0
140.5996330853436	1413.3989868748176	0
140.60080169359583	1413.8989841435323	0
140.60182703625867	1414.398981371406	0
140.6028523789215	1414.8989785992799	0
140.60387772158435	1415.3989758271537	0
140.6049030642472	1415.8989730550275	0
140.60595918686906	1416.3989702054685	0
140.60704608944602	1416.89896727653	0
140.60815607698652	1417.3989642867796	0
140.6092814545013	1417.8989612558796	0
140.61041645074943	1418.398958199014	0
140.6115572182373	1418.8989551264779	0
140.6126965903598	1419.3989521627689	0
140.61383312429953	1419.8989493085126	0
140.61496716889474	1420.3989465351415	0
140.6160994336904	1420.898943814976	0
140.61723062364518	1421.3989411257057	0
140.61836144213285	1421.898938447046	0
140.61895865172846	1422.1629977999255	0
140.61895865172846	1422.1629977999255	0
140.36857454928926	1422.595788419975	0
140.118228789232	1423.0286012189192	0
139.86792137352532	1423.461436193356	0
139.61764271737292	1423.8942877971785	0
139.38194792724076	1424.3352501000093	0
139.16111713863083	1424.783840514607	0
138.95159518560263	1425.2378228580403	0
138.74967628607484	1425.6952373712966	0
138.55252904864665	1426.1547285598963	0
138.3612041226915	1426.61667432656	0
138.17451701263403	1427.0805137361772	0
137.99101194365622	1427.54562118379	0
137.82695732410494	1428.0179401838361	0
137.68181366794641	1428.4964091847714	0
137.55076448173043	1428.9789290874398	0
137.42906775690162	1429.4638922864262	0
137.3129786316971	1429.9502283250101	0
137.19915162236262	1430.4370987917148	0
137.122958647029	1430.7629978000186	0
137.122958647029	1430.7629978000186	0
137.11436206445615	1431.2629221441748	0
137.10576689044203	1431.7628465131233	0
137.09717312498674	1432.2627709068604	0
137.08858041595062	1432.7626953191862	0
137.0806196776123	1433.262631120334	0
137.0732906662424	1433.7625771621563	0
137.066435395149	1434.2625301331118	0
137.05989593306572	1434.7624873658997	0
137.05355384453628	1435.2624471170845	0
137.04820548845817	1435.7624184561641	0
137.04380154086104	1436.2623989832355	0
137.04009357032967	1436.762385141703	0
137.03684547256506	1437.2623744905263	0
137.0338832517126	1437.7623656098435	0
137.03109193876716	1438.2623577097565	0
137.0284890165348	1438.7623508480044	0
137.02603175703018	1439.262344743468	0
137.0236730620099	1439.7623391270881	0
137.02137651549108	1440.262333808196	0
137.01911747619855	1440.7623286649437	0
137.01688040692943	1441.2623236232105	0
137.01463042674337	1441.7623185126063	0
137.01236204342618	1442.2623133056438	0
137.01007848485347	1442.762308018417	0
137.0077800394129	1443.2623026865572	0
137.00547050103106	1443.7622973243865	0
137.0031535914808	1444.2622919403095	0
137.00074139220027	1444.7622860798551	0
136.99823574807795	1445.262279526436	0
136.99566048254258	1445.762272313535	0
136.99303895720246	1446.2622645952597	0
136.99038857757049	1446.7622565347124	0
136.9877209086674	1447.262248259161	0
136.98504528680735	1447.7622397749694	0
136.98236603433165	1448.2622311298624	0
136.97968513948402	1448.7622223743508	0
136.97700350991755	1449.2622135484073	0
136.974321556224	1449.7622046796562	0
136.97163946208232	1450.2621957857446	0
136.96892099354412	1450.7621866673871	0
136.96616618619956	1451.262177328124	0
136.9633841338856	1451.7621678229682	0
136.96058392142126	1452.262158206896	0
136.95777236010704	1452.7621485213558	0
136.95495399000944	1453.2621387940883	0
136.95216380059225	1453.7621292209428	0
136.94940349365783	1454.2621198105755	0
136.94666602383862	1454.7621105236592	0
136.94394392041403	1455.2621013193057	0
136.9412314740549	1455.7620921666282	0
136.9385248431373	1456.2620830449923	0
136.935797852421	1456.7620750132526	0
136.9330490963495	1457.2620591452019	0
136.93028368516224	1457.762031545281	0
136.9275070651724	1458.2619933368467	0
136.92472409257064	1458.761948147167	0
136.92193946567863	1459.261901021878	0
136.9209586455836	1459.4379978007637	0
136.9209586455836	1459.4379978007637	0
136.92646933034064	1459.937967181164	0
136.93198001509768	1460.4379365615641	0
136.93749069985472	1460.9379059419643	0
136.94303721383685	1461.4378749607754	0
136.94861955698767	1461.9378436128648	0
136.95422877197743	1462.4378119865444	0
136.9598559015083	1462.9377801730136	0
136.96549422761984	1463.4377482418247	0
136.97113927167695	1463.9377162398002	0
136.97675742989415	1464.4376845201818	0
136.98234702274908	1464.9376530974441	0
136.98791477168587	1465.4376218995292	0
136.9934678180414	1465.9375908518625	0
136.99901162279494	1466.4375598981949	0
137.00454986159193	1466.9375290009755	0
137.01011646642658	1467.4374977815012	0
137.0157128287667	1467.9374662238317	0
137.0213318570934	1468.4374344077357	0
137.02696611202776	1468.937402417572	0
137.03260992707274	1469.437370317925	0
137.0382594955764	1469.9373381523183	0
137.04389513917815	1470.4373061693532	0
137.04951541949276	1470.9372743836445	0
137.0551238177371	1471.437242748727	0
137.060724174731	1471.937211215095	0
137.06631946099196	1472.4371797450287	0
137.07191168683266	1472.937148313214	0
137.07167542228774	1473.437148080617	0
137.06561027721563	1473.937111095408	0
137.055174160996	1474.4370019562755	0
137.04182497118683	1474.93682349717	0
137.0266557602982	1475.4365931052496	0
137.01039491984756	1475.936328381793	0
136.99325587661087	1476.4360343426101	0
136.97551164500214	1476.9357192107423	0
136.9573818254642	1477.4353902592613	0
136.93705777297765	1477.93497700359	0
136.9146367597417	1478.434474034966	0
136.89066779918986	1478.9338991009704	0
136.86567533269664	1479.4332739038703	0
136.84004643370014	1479.932616376377	0
136.81403701771276	1480.431939124605	0
136.78778341857813	1480.9312491735195	0
136.7360559072399	1481.4285662399489	0
136.6589597535717	1481.9225864637983	0
136.5629872377138	1482.4132886794903	0
136.45455079345567	1482.9013875781318	0
136.3383967453492	1483.3877073749218	0
136.21765074844646	1483.8729072537378	0
136.09404408120392	1484.3573862402125	0
135.95247530006773	1484.836925591408	0
135.79390321740388	1485.3111142382165	0
135.62295268259288	1485.7809817496031	0
135.44392820439472	1486.2478320855275	0
135.25994374616107	1486.712749555533	0
135.07302516467988	1487.1764948087407	0
134.882961602395	1487.6389594332616	0
134.69050434619487	1488.1004325120973	0
134.47262276268285	1488.5504622414533	0
134.23065389778674	1488.9880134367402	0
133.97136424553415	1489.415527964393	0
133.700928162639	1489.8360795166482	0
133.42372429844502	1490.252200686472	0
133.14255526210252	1490.665652553845	0
132.83002604846962	1491.0559414972467	0
132.48907528903422	1491.4216599268168	0
132.1285462129504	1491.768086816771	0
131.75587549544943	1492.10141117093	0
131.37604606499318	1492.42654983308	0
130.99211704284036	1492.7468342484706	0
130.6036468709933	1493.061592424602	0
130.2117610485121	1493.3720855009235	0
129.80101893570608	1493.6571857114002	0
129.37408268854495	1493.9174225723289	0
128.936415118741	1494.1591805908852	0
128.49227399878222	1494.3888293858076	0
128.04439057906782	1494.6110902522444	0
127.59439498904926	1494.829042047469	0
127.12776256938984	1495.0086352867672	0
126.64836141817887	1495.1506528543202	0
126.1616493781838	1495.2651018191327	0
125.6711022178165	1495.3617683878867	0
125.17857472925041	1495.4477527036474	0
124.68501720159486	1495.5275958323211	0
124.19032080832542	1495.600024708111	0
123.6948270187124	1495.6667594864377	0
123.19884441631407	1495.7297431788045	0
122.7025781976087	1495.7904417757213	0
122.20615213647272	1495.8498129326808	0
121.70963772259556	1495.9084371777012	0
121.21303278919612	1495.9662860796793	0
120.7163620217347	1496.023564377897	0
120.21964910748244	1496.080474320746	0
119.72291095078916	1496.137162483145	0
119.226158286546	1496.1937227817464	0
118.72939784424747	1496.250214406424	0
118.232635134648	1496.3066859966505	0
118.05395861744182	1496.3269978011958	0
118.05395861744182	1496.3269978011958	0
117.55421968974704	1496.3144122379078	0
117.05448076205226	1496.3018266746199	0
116.55474183435749	1496.2892411113319	0
116.05500905929993	1496.276648535547	0
115.55516650899254	1496.2670279893969	0
115.0552430545975	1496.260380286327	0
114.5552778787767	1496.2559624770308	0
114.05531183740038	1496.2506313692832	0
113.55535963421045	1496.2438297000194	0
113.05540116062232	1496.237401382249	0
112.55544306375958	1496.2309327208782	0
112.05548670873846	1496.2243304087117	0
111.5555320209529	1496.217604548772	0
111.05557163574763	1496.2113627174301	0
110.55560621869144	1496.2056357357515	0
110.05563765003963	1496.200302560579	0
109.55567373140336	1496.1945521847222	0
109.05570851270227	1496.1889610144385	0
108.55574095458302	1496.1836332946134	0
108.05577901021141	1496.177745055554	0
107.55582410786063	1496.1712305505541	0
107.05587526316096	1496.1642299694265	0
106.55591799885187	1496.1577982868255	0
106.0559518018311	1496.1520569079232	0
105.55597931490426	1496.1468635485603	0
105.05600439229183	1496.141915373819	0
104.55602853825934	1496.1370753826238	0
104.05605150784048	1496.1323855007463	0
103.55607358690905	1496.127818666981	0
103.05609508536674	1496.1233373462203	0
102.55611488043036	1496.1190130121677	0
102.05613320390863	1496.1148242684933	0
101.55614327348724	1496.1117497054834	0
101.05614778377523	1496.1097552740534	0
100.55614969464825	1496.1085623431643	0
100.05615567898961	1496.1062152615993	0
99.55616985321235	1496.1025139225487	0
99.05619305287568	1496.097747018449	0
98.5562068933546	1496.0940986788082	0
98.05621260401264	1496.0918350267268	0
97.55621375598854	1496.0913899010866	0
97.05621619828062	1496.0924169096302	0
96.55622213742956	1496.0944612917558	0
96.05623044492384	1496.0970318370844	0
95.55624007117622	1496.0998741977885	0
95.05625038266517	1496.102856831166	0
94.55628147618911	1496.1082863684492	0
94.0563388433441	1496.1157396684562	0
93.55640689695257	1496.1238739819305	0
93.30295858124737	1496.1279977993108	0
93.30295858124737	1496.1279977993108	0
92.80317064880583	1496.1425265183632	0
92.30427749512968	1496.175774553177	0
91.80662065691548	1496.2241140449419	0
91.31124511427589	1496.2919543127691	0
90.81729632702081	1496.3695037542068	0
90.32727668647178	1496.4688007352565	0
89.84031825197438	1496.5821918855513	0
89.35566530253408	1496.7051102142593	0
88.87322640026579	1496.8364585115885	0
88.39793238253277	1496.991686067472	0
87.92664393379322	1497.1586802776862	0
87.4602393215881	1497.338863595011	0
86.99647666389919	1497.5257396714635	0
86.53380097375984	1497.7152898243985	0
86.22695856931387	1497.8409978006966	0
86.22695856931387	1497.8409978006966	0
85.79735086959003	1498.0968047139988	0
85.3677431698662	1498.352611627301	0
84.93813547014237	1498.6084185406032	0
84.50852777041852	1498.8642254539054	0
84.14910011269913	1499.2117874117096	0
83.78967245497977	1499.5593493695137	0
83.43024479726041	1499.9069113273179	0
83.07081713954108	1500.254473285122	0
82.71317434133645	1500.6038714578426	0
82.35732585456434	1500.9550967523148	0
82.00282922991357	1501.3076863443357	0
81.649236728725	1501.6611825536434	0
81.32236897614388	1502.0395317930925	0
81.02393697055794	1502.440695139557	0
80.74781255744152	1502.8575295398161	0
80.48690933158562	1503.2840576258889	0
80.23560074297012	1503.7163090546035	0
79.99004829813195	1504.1518565626793	0
79.77186191741811	1504.6017350971777	0
79.58018766796606	1505.0635303131453	0
79.40822336506233	1505.5330196267696	0
79.2492546680746	1506.0070655155348	0
79.11269192527759	1506.4880514612805	0
78.99524311672607	1506.9740613310712	0
78.89119928479043	1507.4631160832184	0
78.79570507048585	1507.95391067185	0
78.71944747719182	1508.4480514082566	0
78.66010262962489	1508.9444939000473	0
78.61272344515812	1509.4422079383064	0
78.57300215447387	1509.9405817924544	0
78.5379075821624	1510.4392963139721	0
78.50534975390822	1510.9381791239969	0
78.473504394182	1511.4371068468256	0
78.46195855858969	1511.6179977995344	0
78.46195855858969	1511.6179977995344	0
78.43663481067006	1512.117350458108	0
78.42034782879087	1512.6170839327879	0
78.4060820397558	1513.1168798381148	0
78.3937994714994	1513.6167288045008	0
78.3847318484031	1514.1166463739958	0
78.37838363220125	1514.6166057131627	0
78.37395105235727	1515.1165855265554	0
78.36910976839869	1515.6165615546106	0
78.36211453352402	1516.1165122055963	0
78.35306775493112	1516.6164300451937	0
78.34250807868055	1517.116318284304	0
78.33288592085576	1517.6162254975075	0
78.32457938938633	1518.1161563329947	0
78.3173540360817	1518.616103981683	0
78.31155558973916	1519.1160702616328	0
78.30740935232318	1519.616053019484	0
78.3045584946654	1520.1160448679855	0
78.30258989657247	1520.6160409811719	0
78.3005982801107	1521.1160369967904	0
78.29836314754141	1521.6160319712847	0
78.29589028850046	1522.1160258144916	0
78.29289769753638	1522.6160168206975	0
78.28957271868052	1523.1160057179504	0
78.2860452959934	1523.6159932168753	0
78.28239853191748	1524.1159798502415	0
78.27831470982629	1524.6159630934733	0
78.27382372424353	1525.1159428358303	0
78.26903486932132	1525.6159198072146	0
78.26415921697773	1526.115895957745	0
78.25969229303922	1526.6158759586588	0
78.2556194896463	1527.115859349396	0
78.25183859667439	1527.61584504502	0
78.24825106959388	1528.1158321707967	0
78.2448446253745	1528.6158205557495	0
78.24157090979153	1529.1158098134981	0
78.2383846457002	1529.6157996212944	0
78.23519657971555	1530.1157894275166	0
78.23198485595702	1530.615779093766	0
78.22874992840886	1531.1157686177582	0
78.22562222141548	1531.6157588150784	0
78.22260751787256	1532.1157496922942	0
78.21967900359823	1532.6157410677686	0
78.21669688159203	1533.1157321604521	0
78.21363961957651	1533.6157228134155	0
78.21052062702348	1534.1157130797105	0
78.20747785660234	1534.6157038109388	0
78.20426568650737	1535.1156934846076	0
78.20116052338997	1535.615683838027	0
78.19820468789437	1536.1156750989085	0
78.19537141366061	1536.6156670704752	0
78.19234370742807	1537.1156578958876	0
78.18909096888066	1537.615647293994	0
78.18566182612074	1538.1156354978034	0
78.18239522749371	1538.6156247985316	0
78.17933523582023	1539.1156154170237	0
78.17644119593668	1539.6156070305694	0
78.17337935659752	1540.115597635751	0
78.17010826921346	1540.6155869014985	0
78.16666990345445	1541.1155750308742	0
78.16339877415318	1541.6155642956403	0
78.16033666245703	1542.1155548979295	0
78.15744174000343	1542.6155465047314	0
78.15444687804917	1543.1155375142594	0
78.15131030811504	1543.6155276409665	0
78.14805702957301	1544.115517008252	0
78.14583446825216	1544.615511859457	0
78.14467164916095	1545.1155100380138	0
78.14431080735328	1545.6155091787437	0
78.14448696135535	1546.115508215192	0
78.14116965504802	1546.61549630259	0
78.13422513790968	1547.1154472420371	0
78.12452735265019	1547.6153524213921	0
78.11298344759376	1548.1152184242787	0
78.10028190001043	1548.6150563814833	0
78.08409669807092	1549.1147937826086	0
78.06471854054072	1549.614417659826	0
78.04301909809973	1550.1139461711527	0
78.0197969568623	1550.6134062530052	0
77.99563258477579	1551.1128216603606	0
77.9709067205782	1551.612209597734	0
77.93850545718738	1552.1111584917091	0
77.89857666750923	1552.609561577629	0
77.85304508339232	1553.1074841235657	0
77.80379531648185	1553.605052670928	0
77.7522290983387	1554.102386487262	0
77.69927636188275	1554.5995745859864	0
77.64551638286426	1555.0966760449635	0
77.58328999185862	1555.5927887930552	0
77.51281948173283	1556.0877977515959	0
77.43623364568555	1556.581897489822	0
77.35559851404709	1557.075352555152	0
77.27244471249954	1557.5683894306712	0
77.1877852303525	1558.06116999111	0
77.10183805070254	1558.5537275906538	0
77.01498050034628	1559.0461254705262	0
76.92753490514855	1559.5384192589954	0
76.83972904252406	1560.0306489177942	0
76.75171001248427	1560.5228405035193	0
76.66356792580619	1561.015010067188	0
76.57535609635572	1561.5071671356939	0
76.48710529936798	1561.999317218312	0
76.39883297610716	1562.4914634404538	0
76.31054887125502	1562.9836075492994	0
76.22413017036045	1563.476082496351	0
76.13957853276511	1563.9688812180175	0
76.05642680079173	1564.4619178826783	0
75.9743146821757	1564.9551285825046	0
75.89289177685637	1565.44845340677	0
75.81189794632712	1565.9418487760568	0
75.73116076477231	1566.4352861567388	0
75.65057290171006	1566.9287479160496	0
75.57007016416135	1567.4222235525183	0
75.48967052468284	1567.9157159989788	0
75.40935261837092	1568.4092217609648	0
75.32909062860406	1568.902736626049	0
75.24886410091224	1569.3962572614505	0
75.16865904554837	1569.8897813897236	0
75.08846659169178	1570.3833075675045	0
75.00828136861499	1570.8768349211862	0
74.92806210355211	1571.3703567399687	0
74.84780704230265	1571.8638727359205	0
74.76752472202824	1572.3573842959327	0
74.68722410503105	1572.8508928775896	0
74.60691201266367	1573.3443995909174	0
74.52659302239366	1573.8379051810498	0
74.44627000470275	1574.331410115345	0
74.3659446848845	1574.8249146747398	0
74.28561807020219	1575.3184190232614	0
74.2052907363913	1575.811923254669	0
74.1249630097139	1576.3054274220956	0
74.04463510049472	1576.7989315597938	0
73.97495854989393	1577.22699779924	0
73.97495854989393	1577.22699779924	0
73.95522005114864	1577.7265292317948	0
73.93863482054734	1578.2262254214868	0
73.92374274423051	1578.725995852292	0
73.91487473899481	1579.2259148091814	0
73.90721138659931	1579.725854386913	0
73.90090223204116	1580.2258135299871	0
73.8962654538928	1580.7257915993923	0
73.89296237919605	1581.2257805618556	0
73.89057483194517	1581.7257748391905	0
73.88843333700453	1582.2257701533508	0
73.8863090468266	1582.7257653550218	0
73.88414046666092	1583.2257601462252	0
73.8822514203578	1583.7257562594648	0
73.88065292952598	1584.2257535653484	0
73.87927508500216	1584.72575161929	0
73.87771549655183	1585.2257490840263	0
73.87591905347074	1585.7257456432455	0
73.87393121740512	1586.225741357968	0
73.87323882159083	1586.7257402596936	0
73.87596373682912	1587.225732390692	0
73.88178164382714	1587.7256982980255	0
73.8898378117978	1588.2256332688805	0
73.89603520875093	1588.7255946471607	0
73.8998147597526	1589.22557999381	0
73.90164151551527	1589.7255761312406	0
73.90503245281485	1590.2255640744315	0
73.91093625727399	1590.7255288572828	0
73.9189612389558	1591.2254642511568	0
73.92847882134276	1591.7253735471247	0
73.93904982805194	1592.2252617013291	0
73.95030098748266	1592.7251350153242	0
73.96196888546257	1593.2249987756763	0
73.97784875769399	1593.724746388995	0
73.9978342693297	1594.2243465620936	0
74.0208710017481	1594.7238152575003	0
74.05188936288911	1595.222850870419	0
74.09601817596602	1595.7208974356934	0
74.15124095748324	1596.217835549881	0
74.21925601573788	1596.7131856852682	0
74.29725916511293	1597.2070622802046	0
74.38976881845856	1597.6984293871653	0
74.50013853592226	1598.1860955574487	0
74.62464421410559	1598.6703455368615	0
74.76349976023396	1599.1506774262452	0
74.92132140904044	1599.6251163127884	0
75.09434313978008	1600.0942255343145	0
75.28582355395723	1600.5561078132894	0
75.49839410011963	1601.008671356517	0
75.7282080776321	1601.452726881589	0
75.97728263628436	1601.8862723912346	0
76.24573408930782	1602.3080943472935	0
76.52842415575913	1602.7205095716433	0
76.82821702630284	1603.120664795498	0
77.14730736749338	1603.505606627356	0
77.48464817300187	1603.8746589639009	0
77.83657869071669	1604.2298257171249	0
78.20229327416445	1604.5707842531194	0
78.58209250645986	1604.895980001091	0
78.97211545726466	1605.208839006227	0
79.37195010400337	1605.509057199256	0
79.78256339769737	1605.7943563133322	0
80.20222909840781	1606.0661651073299	0
80.63304983241494	1606.319923225512	0
81.07225288849088	1606.5588804436645	0
81.52149409863597	1606.7783850926523	0
81.98116138161639	1606.975123469469	0
82.44807346854904	1607.1539895331348	0
82.91898030775552	1607.3220560568416	0
83.39612520321971	1607.4714953248351	0
83.87920846208551	1607.600451683483	0
84.36737012009168	1607.708605991415	0
84.85942166300553	1607.7974019268518	0
85.35421845874875	1607.8693433769445	0
85.8505920394484	1607.92944871111	0
86.34826613675253	1607.9776109316826	0
86.84681127861784	1608.0157000574904	0
87.34583881052329	1608.0468170525116	0
87.84513204273419	1608.0733197414522	0
88.34475348918598	1608.0927094513797	0
88.84456815250721	1608.1062747281644	0
89.34447560758801	1608.1158601325674	0
89.84440952185601	1608.1239458725072	0
90.34435135923435	1608.1315137795657	0
90.84429524847394	1608.1389324181303	0
91.34425122657025	1608.145551241112	0
91.84421666919799	1608.1514284327613	0
92.34419630671411	1608.1559394103074	0
92.84418502326204	1608.1592983500102	0
93.34417973854188	1608.1615955979519	0
93.8441734737031	1608.1640836591541	0
94.34416452329978	1608.1670074035044	0
94.84415280971785	1608.170309290201	0
95.34414464231857	1608.1730724344773	0
95.84413976583228	1608.175223169988	0
96.34413656524133	1608.176984137431	0
96.84413289906986	1608.178889568731	0
97.34412831772966	1608.1810272153662	0
97.8441228892259	1608.1833563246541	0
98.34411889271549	1608.1853551645297	0
98.84411622591196	1608.186988094777	0
99.34411416047341	1608.1884252229618	0
99.8441112267833	1608.1901380142615	0
100.34410711929429	1608.1921647023125	0
100.84410198205457	1608.1944312440014	0
101.34409261473562	1608.1974903902405	0
101.84407834899251	1608.2012627529361	0
102.3440645588548	1608.2049719294582	0
102.84405242859023	1608.2084515577703	0
103.34404171013698	1608.2117231479685	0
103.8440289549425	1608.2152872980378	0
104.34401365246632	1608.2191846374906	0
104.84399623994952	1608.2233365817565	0
105.34397845862053	1608.227531739677	0
105.8439637956825	1608.2313475634812	0
106.34395193525016	1608.234784785811	0
106.84394193741707	1608.2379437595666	0
107.3439350195044	1608.2405686442469	0
107.84393025671848	1608.2427404331488	0
108.34392674120869	1608.2445981175708	0
108.84392276421657	1608.2465823589453	0
109.34391798766485	1608.2487635791533	0
109.84391249145773	1608.2511062613964	0
110.3439079472218	1608.2532334147288	0
110.84390437409068	1608.2551131732448	0
111.34390145678215	1608.2568034855688	0
111.84389815796037	1608.2586092925612	0
112.3438942878613	1608.2605719394858	0
112.84388992143639	1608.2626596742598	0
113.34388582162998	1608.2646720975026	0
113.84388204048966	1608.2665818821015	0
114.34387847641263	1608.2684097432816	0
114.843874643478	1608.2703452855678	0
115.34387039288288	1608.2724047246393	0
115.84386574862799	1608.2745590996853	0
116.34386565249311	1608.2745111438978	0
116.84386050516306	1608.2723018542983	0
117.34384571244196	1608.2685128499613	0
117.84383771199792	1608.2657385449882	0
118.34383553708791	1608.2643221899061	0
118.84383533327525	1608.2639853650596	0
119.34383300390283	1608.262520370624	0
119.84382474511443	1608.2597052294486	0
120.34380936263776	1608.2558449219546	0
120.84380070092118	1608.2529291446185	0
121.34379541595584	1608.251177089321	0
121.84378985402593	1608.2500782316133	0
122.34378420578115	1608.2490296235032	0
122.35895861778408	1608.2489977991208	0
122.35895861778408	1608.2489977991208	0
122.85831783608016	1608.2742585168903	0
123.35767705437624	1608.2995192346598	0
123.85703627267232	1608.3247799524293	0
124.3563952897085	1608.3500424787671	0
124.85575410289329	1608.3753068135425	0
125.35511276148888	1608.4005725045597	0
125.85447131621518	1608.4258390996972	0
126.35382980569418	1608.4511062598935	0
126.8531882559033	1608.4763737591188	0
127.352547716806	1608.5016243974442	0
127.85190819257524	1608.526858089827	0
128.35126942812047	1608.5520790513706	0
128.84843847856206	1608.6051744491206	0
129.3418382765273	1608.686111703435	0
129.83138752463208	1608.7877679151943	0
130.31789683523323	1608.9030929554906	0
130.8023232926999	1609.0268723651454	0
131.28543741065013	1609.1556767414231	0
131.76759661124441	1609.2880100392922	0
132.24277375608455	1609.443565142606	0
132.71020352060594	1609.6210510791423	0
133.1712893932663	1609.8144224560372	0
133.62791674878184	1610.018100303144	0
134.0816811870048	1610.2280797491765	0
134.51591389736913	1610.4759492807348	0
134.92846472271398	1610.7584405214052	0
135.32340519876396	1611.0650706217473	0
135.7061340744283	1611.3868134551328	0
136.06505994612306	1611.7349105794212	0
136.40233202488537	1612.1040263345878	0
136.72383901787128	1612.4869516075382	0
137.0155565085648	1612.8930268477131	0
137.28083876866094	1613.316841053086	0
137.52725266934485	1613.7518935511466	0
137.72946299455424	1614.2091769262229	0
137.89164982648128	1614.6821413827504	0
138.02535766178644	1615.1639312564298	0
138.14103268004345	1615.6503640526528	0
138.24602015880723	1616.139213436302	0
138.34524948971077	1616.6292631078818	0
138.44297927302205	1617.119613764563	0
138.47095864079893	1617.2599977999926	0
138.47095864079893	1617.2599977999926	0
138.46730281432542	1617.7599736013728	0
138.45949631732876	1618.2599093593394	0
138.44329587487863	1618.7596428007337	0
138.42364413154385	1619.2592503269798	0
138.40456559011852	1619.758877986801	0
138.38680556929222	1620.25855538441	0
138.36936405180228	1620.7582428652079	0
138.35191143828746	1621.2579284216295	0
138.334368129466	1621.7576094781764	0
138.31663625748868	1622.2572874979408	0
