14.0612030029	1100.95751953	-0.270328909159
14.2642192841	1101.30725098	-0.270658940077
14.4851474762	1101.68518066	-0.271042466164
14.7072868347	1102.06323242	-0.272856593132
14.9470281601	1102.47290039	-0.276061147451
15.1990203857	1102.90478516	-0.277285218239
15.4194049835	1103.28320312	-0.275020509958
15.6422548294	1103.66552734	-0.275920033455
15.8738212585	1104.06323242	-0.279426574707
16.1492786407	1104.53710938	-0.280642777681
16.3623580933	1104.90368652	-0.280258983374
16.5961647034	1105.30566406	-0.279782891273
16.8328800201	1105.71289062	-0.274471372366
17.0602092743	1106.10351562	-0.275801122189
17.2831935883	1106.48718262	-0.275762826204
17.5022010803	1106.86352539	-0.275543183088
17.7169151306	1107.2322998	-0.276864349842
17.9378223419	1107.61254883	-0.280379772186
18.1770744324	1108.02404785	-0.281024456024
18.4279022217	1108.45507812	-0.279313981533
18.6679134369	1108.86682129	-0.278322100639
18.9056453705	1109.27539062	-0.281760662794
19.1372795105	1109.67041016	-0.279152691364
19.3401279449	1110.03198242	-0.277989983559
19.5225791931	1110.39355469	-0.28178191185
19.7983665466	1110.9230957	-0.279899209738
20.0632781982	1111.43481445	-0.280181050301
20.3223190308	1111.93554688	-0.280185759068
20.5987586975	1112.47021484	-0.283409237862
20.8026924133	1112.86499023	-0.282699614763
21.0258140564	1113.29626465	-0.282711684704
21.2565002441	1113.74194336	-0.280814886093
21.4797229767	1114.17773438	-0.276212185621
21.7014369965	1114.58520508	-0.279784828424
21.9198265076	1114.98864746	-0.279059529305
22.1313800812	1115.37915039	-0.279250115156
22.3418140411	1115.7668457	-0.279770493507
22.5428619385	1116.13745117	-0.279783338308
22.7546882629	1116.52807617	-0.283257782459
22.9857177734	1116.95410156	-0.283211946487
23.2305240631	1117.40527344	-0.283695161343
23.5027141571	1117.90637207	-0.28491961956
23.7909812927	1118.43688965	-0.284879565239
24.0942230225	1118.9942627	-0.283463567495
24.4081039429	1119.57080078	-0.281597644091
24.7072849274	1120.12023926	-0.281496286392
25.0073356628	1120.67126465	-0.281869620085
25.3017044067	1121.21191406	-0.282309383154
25.5745258331	1121.7130127	-0.282105237246
25.8436965942	1122.20727539	-0.282532304525
26.1193561554	1122.71337891	-0.282703876495
26.3936500549	1123.21728516	-0.285122275352
26.6763782501	1123.73693848	-0.286808878183
26.9877662659	1124.30883789	-0.287923455238
27.3222770691	1124.92236328	-0.288107246161
27.6735801697	1125.5670166	-0.285409331322
28.0292930603	1126.21899414	-0.283738702536
28.373872757	1126.85058594	-0.282806545496
28.7204933167	1127.48583984	-0.282250791788
29.0596885681	1128.10705566	-0.282593339682
29.3898296356	1128.71362305	-0.282968878746
29.7040882111	1129.28771973	-0.282869011164
30.020526886	1129.84265137	-0.284419029951
30.3320808411	1130.38842773	-0.284961014986
30.6338939667	1130.9197998	-0.28071090579
30.9318790436	1131.44262695	-0.281730949879
31.2372570038	1131.98217773	-0.279857695103
31.5537490845	1132.53759766	-0.282428205013
31.8658638	1133.08398438	-0.282851338387
32.168510437	1133.61535645	-0.287495404482
32.4659729004	1134.14147949	-0.288687765598
32.7749595642	1134.68334961	-0.291772305965
33.1038360596	1135.25952148	-0.292634546757
33.4565200806	1135.8795166	-0.297693550587
33.8310241699	1136.54345703	-0.31257045269
34.2171478271	1137.22265625	-0.305756747723
34.6026077271	1137.90087891	-0.304881691933
34.9825630188	1138.56982422	-0.303944706917
35.3552207947	1139.22509766	-0.303004026413
35.7192687988	1139.8651123	-0.3017116189
36.0740127563	1140.48864746	-0.300114810467
36.4203605652	1141.09631348	-0.299109399319
36.7597045898	1141.69812012	-0.300567895174
37.1147689819	1142.32250977	-0.300990283489
37.4909210205	1142.9831543	-0.303327262402
37.6889648438	1143.33154297	-0.313019394875
37.8912582397	1143.69458008	-0.314024597406
38.0998954773	1144.0645752	-0.310864269733
38.3118743896	1144.43774414	-0.307474851608
38.5246200562	1144.81237793	-0.30632597208
38.7371520996	1145.1862793	-0.306231200695
38.9487915039	1145.55834961	-0.305250048637
39.1588821411	1145.92785645	-0.304210364819
39.3669662476	1146.29418945	-0.303308486938
39.5728263855	1146.65673828	-0.303840845823
39.7765350342	1147.01525879	-0.304850667715
39.9778289795	1147.36962891	-0.305646538734
40.1767883301	1147.71960449	-0.305865049362
40.5673027039	1148.40673828	-0.305529534817
40.947883606	1149.07678223	-0.30238711834
41.3189125061	1149.72912598	-0.300094485283
41.69323349	1150.38525391	-0.301335275173
42.0848617554	1151.07287598	-0.30153131485
42.290184021	1151.43579102	-0.302386760712
42.5021934509	1151.81176758	-0.303670108318
42.7212753296	1152.19763184	-0.304218560457
42.9473495483	1152.59240723	-0.302613139153
43.1783599854	1152.99353027	-0.299372851849
43.410697937	1153.39990234	-0.301530480385
43.6426811218	1153.80908203	-0.310272336006
43.8737106323	1154.21801758	-0.306373000145
44.1039199829	1154.625	-0.292686283588
44.3328971863	1155.02966309	-0.288050413132
44.5608444214	1155.43041992	-0.289111912251
44.7872543335	1155.82702637	-0.289802491665
45.0113677979	1156.21948242	-0.289064347744
45.2328720093	1156.60754395	-0.287945389748
45.4425811768	1156.97558594	-0.287486881018
45.6585769653	1157.35510254	-0.29092413187
45.8615226746	1157.71252441	-0.295671015978
46.0723381042	1158.08276367	-0.29819047451
46.2806015015	1158.4486084	-0.300105988979
46.4862937927	1158.80981445	-0.301201343536
46.689250946	1159.16638184	-0.301797151566
46.8896789551	1159.51855469	-0.303900301456
47.2755012512	1160.19628906	-0.3081587255
47.6563491821	1160.86340332	-0.30987355113
48.035774231	1161.52624512	-0.316147655249
48.43592453	1162.22631836	-0.321811497211
48.637676239	1162.5793457	-0.32093423605
48.8520240784	1162.95227051	-0.319685041904
49.0743675232	1163.33984375	-0.319445878267
49.3009223938	1163.7355957	-0.315065830946
49.52110672	1164.12011719	-0.300699084997
49.7494316101	1164.51831055	-0.285727322102
49.9768218994	1164.9152832	-0.285325467587
50.2024497986	1165.30993652	-0.290595948696
50.4209213257	1165.69226074	-0.293716877699
50.6427383423	1166.08007812	-0.292928427458
50.8557662964	1166.45251465	-0.291544497013
51.0729103088	1166.83227539	-0.291128993034
51.2794532776	1167.19335938	-0.291062086821
51.491569519	1167.56445312	-0.291088461876
51.7011680603	1167.9309082	-0.291055589914
51.9081077576	1168.29272461	-0.290948987007
52.107170105	1168.64050293	-0.291095674038
52.3090629578	1168.99316406	-0.291207998991
52.7024345398	1169.68041992	-0.291234016418
53.0874977112	1170.35302734	-0.290861308575
53.46692276	1171.01550293	-0.291893988848
53.8569526672	1171.69702148	-0.295400083065
54.0595321655	1172.05102539	-0.295710504055
54.2675552368	1172.41430664	-0.2952298522
54.4844474792	1172.79272461	-0.296570807695
54.7101364136	1173.18664551	-0.296893030405
54.934211731	1173.57727051	-0.29580116272
55.170249939	1173.98852539	-0.293425738811
55.4058189392	1174.39880371	-0.291281878948
55.642791748	1174.81152344	-0.290357708931
55.8751449585	1175.21606445	-0.289997547865
56.1094703674	1175.62426758	-0.289637684822
56.3392410278	1176.02429199	-0.289289057255
56.5693626404	1176.42504883	-0.288985192776
56.7881088257	1176.80566406	-0.288638919592
57.0133895874	1177.19787598	-0.287849038839
57.2360877991	1177.58532715	-0.28706151247
57.4561004639	1177.96826172	-0.286575883627
57.6733970642	1178.34655762	-0.286523193121
57.8879051208	1178.7199707	-0.286057800055
58.0975761414	1179.08557129	-0.285575151443
58.3067588806	1179.4498291	-0.285477638245
58.5130767822	1179.80981445	-0.285716354847
58.7170982361	1180.16491699	-0.286019653082
58.9170761108	1180.51367188	-0.285378873348
59.3119239807	1181.20141602	-0.288177460432
59.6955337524	1181.87207031	-0.291984677315
60.0689697266	1182.52307129	-0.29387742281
60.4197731018	1183.15270996	-0.297824800014
60.7565193176	1183.7668457	-0.29881170392
61.0832443237	1184.36181641	-0.301885098219
61.4020957947	1184.94213867	-0.302616268396
61.7137489319	1185.50756836	-0.30237364769
62.0178451538	1186.06176758	-0.304175674915
62.3213729858	1186.60974121	-0.27926492691
62.6380577087	1187.18603516	-0.287704020739
62.9753646851	1187.80065918	-0.290541380644
63.3397483826	1188.46447754	-0.32578715682
63.5328598022	1188.81652832	-0.324042826891
63.7326774597	1189.1809082	-0.319360643625
63.9370994568	1189.55358887	-0.316184490919
64.1428146362	1189.92871094	-0.315091460943
64.3483428955	1190.30505371	-0.315023630857
64.553276062	1190.68005371	-0.314985901117
64.7572784424	1191.05297852	-0.31386294961
64.9600830078	1191.42260742	-0.312675535679
65.1604766846	1191.78930664	-0.310717761517
65.3583526611	1192.15222168	-0.306936144829
65.5540313721	1192.51123047	-0.301672875881
65.9362792969	1193.21252441	-0.291281461716
66.3040771484	1193.88330078	-0.290669322014
66.67137146	1194.55493164	-0.286100178957
67.0230407715	1195.20043945	-0.284005016088
67.3696289062	1195.82836914	-0.287238001823
67.7120361328	1196.45288086	-0.290149152279
68.0647277832	1197.09643555	-0.311394870281
68.4263763428	1197.7590332	-0.319909214973
68.792350769	1198.42333984	-0.290821135044
69.1499786377	1199.07897949	-0.298828482628
69.5013504028	1199.72619629	-0.308720707893
69.8436431885	1200.35620117	-0.320723593235
70.1804504395	1200.97387695	-0.297620922327
70.495803833	1201.55383301	-0.283115983009
70.7791748047	1202.13220215	-0.286589622498
71.0523376465	1202.69824219	-0.288664996624
71.3113327026	1203.23779297	-0.290825843811
71.5668869019	1203.77050781	-0.29415923357
71.8167037964	1204.28930664	-0.29674744606
72.0624923706	1204.79931641	-0.302086234093
72.2993850708	1205.29541016	-0.302504837513
72.5375976562	1205.76965332	-0.307382106781
72.7681427002	1206.22570801	-0.309778690338
72.9923858643	1206.66601562	-0.311882585287
73.2129745483	1207.09655762	-0.309770107269
73.431098938	1207.5222168	-0.311127066612
73.6684646606	1207.98425293	-0.310118257999
73.9198150635	1208.47607422	-0.31060680747
74.1896514893	1209.0012207	-0.296914815903
74.4770507812	1209.56408691	-0.297346353531
74.7903594971	1210.17919922	-0.294419109821
75.0981903076	1210.78283691	-0.303605645895
75.4022979736	1211.3795166	-0.296916604042
75.7012023926	1211.96826172	-0.296617686749
75.9905395508	1212.54187012	-0.297979295254
76.2764129639	1213.08740234	-0.296370983124
76.5558929443	1213.61254883	-0.29345613718
76.8288040161	1214.12561035	-0.291613578796
77.0996856689	1214.63415527	-0.293084621429
77.3510971069	1215.10644531	-0.292183369398
77.6039657593	1215.58251953	-0.292501777411
77.8575363159	1216.05847168	-0.290015459061
78.1028671265	1216.5222168	-0.286493569613
78.3610153198	1216.95019531	-0.287044882774
78.611038208	1217.36474609	-0.28580057621
78.8462142944	1217.75622559	-0.288476884365
79.0822906494	1218.14758301	-0.287882626057
79.3160934448	1218.53515625	-0.288738578558
79.5297012329	1218.88952637	-0.289084613323
79.7552566528	1219.26367188	-0.29168844223
79.9928131104	1219.65795898	-0.293785005808
80.2502593994	1220.08496094	-0.294345766306
80.5283126831	1220.54675293	-0.294432163239
80.8119812012	1221.01733398	-0.292605519295
81.0887298584	1221.47692871	-0.291402101517
81.3618392944	1221.93029785	-0.293969392776
81.6432113647	1222.39819336	-0.296064764261
81.9409408569	1222.89318848	-0.298379659653
82.250328064	1223.40698242	-0.299205452204
82.5849456787	1223.96362305	-0.301283031702
82.9482879639	1224.56835938	-0.302449166775
83.3348007202	1225.21044922	-0.302510857582
83.7493209839	1225.89758301	-0.303428649902
83.966468811	1226.25817871	-0.300858229399
84.1851806641	1226.62121582	-0.298228830099
84.3966674805	1226.97241211	-0.296862542629
84.6153411865	1227.33520508	-0.297735512257
84.8327026367	1227.69567871	-0.298873305321
85.0481796265	1228.05322266	-0.298333346844
85.2614822388	1228.40283203	-0.296204924583
85.4675521851	1228.74951172	-0.297504514456
85.8639068604	1229.43481445	-0.329739272594
86.2498855591	1230.1027832	-0.330199420452
86.6256866455	1230.75390625	-0.330872058868
86.9914398193	1231.38818359	-0.334551364183
87.3470230103	1232.00488281	-0.336616069078
87.6916732788	1232.60546875	-0.338897168636
88.0209274292	1233.17749023	-0.338768184185
88.3100814819	1233.73852539	-0.341947972775
88.5891189575	1234.28613281	-0.343516767025
88.8575668335	1234.81445312	-0.339161038399
89.1202697754	1235.33105469	-0.337624788284
89.3730926514	1235.83349609	-0.333702683449
89.6277694702	1236.31323242	-0.332281887531
89.8746032715	1236.77563477	-0.327909439802
90.1180267334	1237.23120117	-0.325439453125
90.3552322388	1237.67358398	-0.325265884399
90.6030044556	1238.13818359	-0.326595127583
90.8655853271	1238.63012695	-0.324725866318
91.1389846802	1239.14086914	-0.32327246666
91.4254379272	1239.67578125	-0.325152099133
91.7265167236	1240.23779297	-0.327944904566
92.0500717163	1240.84558105	-0.33893224597
92.4033813477	1241.50952148	-0.347604751587
92.7723464966	1242.20068359	-0.325848847628
93.1535186768	1242.91491699	-0.310092240572
93.3464355469	1243.27624512	-0.306977331638
93.53881073	1243.63525391	-0.30403137207
93.7297668457	1243.99145508	-0.298235058784
93.9185028076	1244.34436035	-0.290707141161
94.2898330688	1245.03845215	-0.304425507784
94.6491088867	1245.71105957	-0.323107093573
95.0034179688	1246.37280273	-0.324764847755
95.3479614258	1247.01806641	-0.32354837656
95.6800842285	1247.64428711	-0.323111057281
96.0024871826	1248.23095703	-0.321600705385
96.3374328613	1248.78686523	-0.324134081602
96.6608276367	1249.3269043	-0.325250148773
96.9726333618	1249.8494873	-0.321391522884
97.2745666504	1250.35339355	-0.323153585196
97.5660858154	1250.84130859	-0.320870578289
97.858505249	1251.32446289	-0.322344094515
98.1159133911	1251.77990723	-0.324061244726
98.3558654785	1252.23828125	-0.327894568443
98.5839996338	1252.6661377	-0.329397201538
98.8149337769	1253.10119629	-0.331133127213
99.037322998	1253.52099609	-0.332382708788
99.2644729614	1253.94970703	-0.334596663713
99.502822876	1254.39990234	-0.333731949329
99.7592010498	1254.88366699	-0.333856225014
100.030326843	1255.39550781	-0.333332538605
100.32724762	1255.95544434	-0.33258163929
100.643135071	1256.55102539	-0.332405120134
100.982429504	1257.19067383	-0.331276357174
101.341140747	1257.86450195	-0.333552956581
101.530380249	1258.21899414	-0.33454066515
101.736312866	1258.60644531	-0.332712709904
101.939674377	1258.98925781	-0.330479413271
102.159851074	1259.40393066	-0.328306168318
102.379348755	1259.81640625	-0.326463878155
102.610435486	1260.25085449	-0.324563592672
102.836997986	1260.67749023	-0.324591398239
103.08290863	1261.14038086	-0.322971642017
103.333854675	1261.61254883	-0.319353610277
103.588684082	1262.09179688	-0.315985918045
103.832199097	1262.54980469	-0.31399679184
104.095283508	1263.04492188	-0.312620967627
104.362983704	1263.54833984	-0.310956776142
104.635063171	1264.06005859	-0.308751016855
104.895683289	1264.55297852	-0.304158747196
105.169319153	1265.05981445	-0.300194382668
105.445899963	1265.56176758	-0.298305511475
105.72064209	1266.06005859	-0.297064900398
105.993202209	1266.55493164	-0.295998930931
106.263816833	1267.04638672	-0.29456821084
106.527023315	1267.52392578	-0.294483691454
106.793632507	1268.00756836	-0.294922918081
107.049819946	1268.47229004	-0.295114159584
107.312210083	1268.9486084	-0.294374793768
107.56640625	1269.41015625	-0.29401999712
107.824684143	1269.87915039	-0.293316960335
108.081047058	1270.34448242	-0.293248862028
108.335327148	1270.80603027	-0.293103575706
108.580101013	1271.25024414	-0.293299764395
108.83039093	1271.70471191	-0.292685508728
109.068695068	1272.13745117	-0.292520731688
109.315200806	1272.58483887	-0.292859762907
109.559783936	1273.02868652	-0.293354451656
109.802474976	1273.46899414	-0.293600231409
110.043228149	1273.90588379	-0.293652296066
110.282028198	1274.33911133	-0.293877065182
110.512374878	1274.75695801	-0.294143408537
110.747383118	1275.18347168	-0.29449826479
110.980514526	1275.60644531	-0.294804632664
111.211845398	1276.02612305	-0.294845700264
111.439941406	1276.43640137	-0.293105214834
111.658340454	1276.84057617	-0.291911512613
111.860282898	1277.22216797	-0.291213065386
112.063156128	1277.6060791	-0.29117590189
112.259864807	1277.97839355	-0.291054397821
112.450424194	1278.33898926	-0.290832042694
112.807304382	1279.01513672	-0.291595816612
113.146934509	1279.65905762	-0.29269182682
113.466293335	1280.26391602	-0.294964969158
113.771240234	1280.84130859	-0.296515733004
114.06855011	1281.40429688	-0.298771619797
114.356796265	1281.95031738	-0.300635397434
114.633247375	1282.47583008	-0.302527964115
114.8931427	1282.9942627	-0.303662925959
115.146820068	1283.49609375	-0.305979043245
115.395744324	1283.98937988	-0.307207345963
115.638282776	1284.46984863	-0.309428989887
115.87587738	1284.94030762	-0.309492021799
116.107688904	1285.40002441	-0.309939265251
116.334205627	1285.84924316	-0.310037523508
116.555534363	1286.2878418	-0.310385257006
116.771690369	1286.71643066	-0.310575276613
116.983299255	1287.13574219	-0.310778111219
117.190673828	1287.54711914	-0.310345232487
117.393577576	1287.94970703	-0.310007631779
117.592193604	1288.34350586	-0.30975073576
117.786697388	1288.72900391	-0.309786558151
117.977027893	1289.10644531	-0.309367120266
118.163398743	1289.47570801	-0.309344917536
118.368667603	1289.88085938	-0.313917696476
118.553283691	1290.24291992	-0.312861561775
118.78717041	1290.69995117	-0.311993837357
119.065849304	1291.24499512	-0.311273932457
119.274719238	1291.65466309	-0.310577213764
119.50138855	1292.10070801	-0.310020387173
119.746261597	1292.58520508	-0.309901863337
120.010269165	1293.11132812	-0.309081524611
120.29385376	1293.68054199	-0.308005392551
120.595726013	1294.29223633	-0.307398080826
120.913978577	1294.94433594	-0.305985450745
121.249404907	1295.63964844	-0.305967658758
121.427497864	1296.01379395	-0.306821346283
121.612861633	1296.40576172	-0.305728793144
121.805351257	1296.81396484	-0.303995996714
122.003623962	1297.2364502	-0.301988750696
122.205688477	1297.67114258	-0.30008149147
122.410995483	1298.11572266	-0.298818230629
122.620941162	1298.57397461	-0.300035834312
122.83744812	1299.05224609	-0.301573693752
123.058639526	1299.54589844	-0.301676094532
123.28768158	1300.0604248	-0.301102995872
123.522979736	1300.59277344	-0.30072760582
123.764694214	1301.14294434	-0.300475239754
124.011306763	1301.70690918	-0.300216555595
124.26335144	1302.2878418	-0.299036085606
124.516868591	1302.87719727	-0.296779453754
124.770606995	1303.47290039	-0.295415818691
125.024200439	1304.07495117	-0.295177936554
125.277572632	1304.6829834	-0.295116722584
125.530754089	1305.296875	-0.295402944088
125.783760071	1305.91650391	-0.295816510916
126.036087036	1306.5402832	-0.29620295763
126.28881073	1307.1706543	-0.296575635672
126.53666687	1307.79370117	-0.296938687563
126.78918457	1308.43359375	-0.297209888697
127.041473389	1309.078125	-0.297137856483
127.293319702	1309.72705078	-0.296685069799
127.544311523	1310.37927246	-0.295860826969
127.792076111	1311.02832031	-0.293567180634
128.035369873	1311.671875	-0.291977107525
128.273712158	1312.30834961	-0.290990412235
128.506103516	1312.93457031	-0.289920270443
128.73336792	1313.55273438	-0.289416909218
128.95501709	1314.16137695	-0.289853721857
129.172592163	1314.7644043	-0.290875315666
129.38520813	1315.359375	-0.291351526976
129.59262085	1315.94580078	-0.291670739651
129.795349121	1316.52429199	-0.292235136032
129.993377686	1317.0949707	-0.292798012495
130.160430908	1317.58251953	-0.300093591213
130.316070557	1318.05737305	-0.301742970943
130.445007324	1318.4440918	-0.299719691277
130.586029053	1318.86962891	-0.299799948931
130.738174438	1319.33203125	-0.300238490105
130.901702881	1319.83325195	-0.30086299777
131.076705933	1320.37451172	-0.301867425442
131.26550293	1320.96533203	-0.302635729313
131.467376709	1321.60424805	-0.302653104067
131.681427002	1322.28967285	-0.303001672029
131.906433105	1323.01831055	-0.303095698357
132.141204834	1323.78759766	-0.303340792656
132.26171875	1324.18615723	-0.303404092789
132.38369751	1324.59228516	-0.302993893623
132.506637573	1325.00439453	-0.302426338196
132.62979126	1325.41967773	-0.30167901516
132.752288818	1325.83569336	-0.300877690315
132.873443604	1326.25024414	-0.300293207169
132.992721558	1326.66210938	-0.300012171268
133.109588623	1327.06982422	-0.299670100212
133.223739624	1327.47265625	-0.299650609493
133.334945679	1327.86962891	-0.29949337244
133.443115234	1328.26025391	-0.299514770508
133.64956665	1329.02197266	-0.29947000742
133.842926025	1329.75610352	-0.299304991961
133.967971802	1330.23754883	-0.30646649003
134.091293335	1330.73181152	-0.307650923729
134.191543579	1331.15686035	-0.307358980179
134.301940918	1331.64208984	-0.304554402828
134.416870117	1332.15930176	-0.303142845631
134.535079956	1332.70605469	-0.302542060614
134.650619507	1333.2565918	-0.298635542393
134.758087158	1333.78344727	-0.298864781857
134.861358643	1334.30773926	-0.298517584801
134.958587646	1334.81884766	-0.298583894968
135.050415039	1335.32006836	-0.298299252987
135.136764526	1335.8092041	-0.297991067171
135.218170166	1336.28686523	-0.29777392745
135.294586182	1336.75219727	-0.297606885433
135.366470337	1337.20727539	-0.297785371542
135.433822632	1337.65087891	-0.297311484814
135.496749878	1338.08166504	-0.297322630882
135.555450439	1338.49926758	-0.297013640404
135.610229492	1338.90368652	-0.297114759684
135.661834717	1339.30078125	-0.29749661684
135.738021851	1339.88256836	-0.297149896622
135.811660767	1340.44677734	-0.296970248222
135.883026123	1340.99389648	-0.296930581331
135.952224731	1341.52416992	-0.297267407179
136.020294189	1342.03161621	-0.295332998037
136.058929443	1342.45922852	-0.297828406096
136.094802856	1342.87768555	-0.297974079847
136.128799438	1343.28942871	-0.298354923725
136.161987305	1343.69384766	-0.299018234015
136.195907593	1344.10620117	-0.301018178463
136.236038208	1344.59130859	-0.303813099861
136.283172607	1345.15478516	-0.301220983267
136.306518555	1345.55957031	-0.303573459387
136.333236694	1345.97460938	-0.301353037357
136.359039307	1346.38427734	-0.301470577717
136.384658813	1346.79187012	-0.303051620722
136.411972046	1347.22644043	-0.305786281824
136.440673828	1347.68151855	-0.303080976009
136.469787598	1348.10498047	-0.298528015614
136.460494995	1348.65979004	-0.304055541754
136.441146851	1349.20703125	-0.304533094168
136.421081543	1349.74462891	-0.304868966341
136.399520874	1350.26245117	-0.303779453039
136.390228271	1350.73364258	-0.30617827177
136.379257202	1351.19592285	-0.306168735027
136.369308472	1351.6472168	-0.306448727846
136.359375	1352.09533691	-0.307353705168
136.354110718	1352.50866699	-0.30659198761
136.350875854	1352.91296387	-0.307314217091
136.348236084	1353.3145752	-0.307944148779
136.345687866	1353.72912598	-0.308450758457
136.340957642	1354.13037109	-0.303745806217
136.362121582	1354.59960938	-0.309309631586
136.378814697	1355.07543945	-0.310161828995
136.396942139	1355.56787109	-0.310608893633
136.410629272	1356.02880859	-0.310646265745
136.420806885	1356.46630859	-0.311986684799
136.430206299	1356.90063477	-0.312870979309
136.439865112	1357.34240723	-0.314499020576
136.450714111	1357.83740234	-0.316550582647
136.460617065	1358.28295898	-0.317492932081
136.47164917	1358.7722168	-0.317375898361
136.48399353	1359.31933594	-0.319489628077
136.497558594	1359.91772461	-0.318432748318
136.507125854	1360.33935547	-0.321710407734
136.517120361	1360.79003906	-0.321831047535
136.52696228	1361.25231934	-0.31986540556
136.537399292	1361.72497559	-0.322214603424
136.548202515	1362.19628906	-0.322335213423
136.559738159	1362.6973877	-0.324966728687
136.571548462	1363.21899414	-0.32403075695
136.583175659	1363.76550293	-0.321670293808
136.595169067	1364.33679199	-0.322406947613
136.60836792	1364.9197998	-0.325017333031
136.621398926	1365.5123291	-0.324755221605
136.634597778	1366.11071777	-0.327241301537
136.647857666	1366.70507812	-0.325363427401
136.661407471	1367.28051758	-0.330848962069
136.674621582	1367.8449707	-0.332361727953
136.687774658	1368.39367676	-0.3321146667
136.700546265	1368.92358398	-0.3326164186
136.72076416	1369.44030762	-0.332962781191
136.737976074	1369.94140625	-0.336093217134
136.759292603	1370.43212891	-0.330268055201
136.779083252	1370.9107666	-0.317352056503
136.798782349	1371.37939453	-0.313956737518
136.815628052	1371.83679199	-0.316149115562
136.830535889	1372.28491211	-0.337108880281
136.846588135	1372.72009277	-0.341475456953
136.865081787	1373.15148926	-0.341094732285
136.881713867	1373.56750488	-0.340450495481
136.895858765	1373.97375488	-0.334516942501
136.938995361	1374.50830078	-0.335638493299
136.984222412	1375.03308105	-0.338507831097
137.030181885	1375.54821777	-0.34034049511
137.075042725	1376.04699707	-0.342365533113
137.120788574	1376.5513916	-0.346431821585
137.173980713	1377.1418457	-0.349809408188
137.21434021	1377.5838623	-0.350743830204
137.256713867	1378.05297852	-0.351125121117
137.298309326	1378.50842285	-0.349141180515
137.338775635	1378.95251465	-0.352212488651
137.377990723	1379.37207031	-0.352431476116
137.424484253	1379.78112793	-0.355172902346
137.467773438	1380.18359375	-0.356664538383
137.531982422	1380.77355957	-0.358666390181
137.575775146	1381.17456055	-0.363356232643
137.62348938	1381.61193848	-0.36514133215
137.673522949	1382.07055664	-0.366399228573
137.729217529	1382.58032227	-0.369000077248
137.788970947	1383.12780762	-0.371517837048
137.854278564	1383.72558594	-0.373538732529
137.924865723	1384.37158203	-0.375506341457
138.0	1385.05859375	-0.378336906433
138.078765869	1385.7767334	-0.380136907101
138.158599854	1386.50341797	-0.38123524189
138.24017334	1387.24572754	-0.383419752121
138.321411133	1387.98547363	-0.386197894812
138.401138306	1388.71057129	-0.389048159122
138.480438232	1389.43127441	-0.390680640936
138.55809021	1390.13647461	-0.390786796808
138.633987427	1390.82568359	-0.391635596752
138.707366943	1391.49169922	-0.392490744591
138.780059814	1392.15087891	-0.393186718225
138.850952148	1392.79406738	-0.393007874489
138.920959473	1393.42895508	-0.395634174347
138.99446106	1394.09594727	-0.396332681179
139.067840576	1394.76025391	-0.393783271313
139.140533447	1395.41833496	-0.393454313278
139.211914062	1396.06469727	-0.393333435059
139.281402588	1396.6940918	-0.3923586905
139.349609375	1397.30981445	-0.392190903425
139.416412354	1397.90380859	-0.391529381275
139.481842041	1398.48803711	-0.390585899353
139.545471191	1399.0637207	-0.390043765306
139.607696533	1399.62585449	-0.389536082745
139.672286987	1400.18310547	-0.386389702559
139.726577759	1400.74682617	-0.381579428911
139.77885437	1401.32885742	-0.378011018038
139.829620361	1401.89526367	-0.375363886356
139.878753662	1402.44873047	-0.376665115356
139.926940918	1402.98999023	-0.375656664371
139.974517822	1403.52209473	-0.378098487854
140.024291992	1404.04956055	-0.378285586834
140.043624878	1404.57885742	-0.381902068853
140.060943604	1405.11547852	-0.384998619556
140.078155518	1405.63525391	-0.386532008648
140.094161987	1406.14208984	-0.391011744738
140.110443115	1406.63891602	-0.389649748802
140.126373291	1407.1262207	-0.392214357853
140.142181396	1407.60717773	-0.394475162029
140.158508301	1408.11401367	-0.392576545477
140.176147461	1408.65698242	-0.389816373587
140.194915771	1409.23925781	-0.387931525707
140.21572876	1409.86767578	-0.384003460407
140.238265991	1410.54980469	-0.377380251884
140.262268066	1411.27209473	-0.370998799801
140.287414551	1412.0369873	-0.36823874712
140.313323975	1412.82446289	-0.367507964373
140.339019775	1413.60766602	-0.36584636569
140.364532471	1414.38830566	-0.364870846272
140.389801025	1415.16015625	-0.364130705595
140.41494751	1415.92211914	-0.364715874195
140.440338135	1416.66418457	-0.362253725529
140.431610107	1417.39038086	-0.362986564636
140.419250488	1418.09667969	-0.362773746252
140.408325195	1418.78027344	-0.35814550519
140.397216797	1419.44555664	-0.355413466692
140.386016846	1420.11193848	-0.355570018291
140.374694824	1420.74816895	-0.357564628124
140.363800049	1421.37939453	-0.355887651443
140.352355957	1422.03015137	-0.358338266611
140.341003418	1422.71484375	-0.357346951962
140.329315186	1423.42382812	-0.358604937792
140.317474365	1424.125	-0.360778272152
140.305618286	1424.82580566	-0.363115817308
140.293945312	1425.52416992	-0.365070253611
140.282546997	1426.20568848	-0.364756286144
140.270904541	1426.8885498	-0.364573657513
140.259765625	1427.54760742	-0.364720523357
140.24887085	1428.18994141	-0.364340692759
140.238647461	1428.81628418	-0.363580942154
140.228042603	1429.43701172	-0.363503694534
140.217102051	1430.07714844	-0.364926338196
140.205734253	1430.74597168	-0.357707649469
140.194549561	1431.41723633	-0.358919739723
140.183532715	1432.0769043	-0.359896600246
140.172454834	1432.72912598	-0.36020103097
140.175094604	1433.37036133	-0.361013025045
140.175842285	1433.97485352	-0.360394924879
140.177062988	1434.54199219	-0.359999328852
140.178390503	1435.11047363	-0.359890222549
140.1796875	1435.66223145	-0.358759582043
140.180908203	1436.1965332	-0.358534872532
140.182159424	1436.73266602	-0.357705891132
140.183380127	1437.25317383	-0.358236193657
140.184616089	1437.7677002	-0.358493685722
140.185791016	1438.24658203	-0.358711004257
140.187042236	1438.7401123	-0.358785450459
140.188278198	1439.23828125	-0.359066724777
140.189453125	1439.71313477	-0.359214812517
140.190673828	1440.18920898	-0.359433174133
140.191802979	1440.63879395	-0.359614193439
140.192901611	1441.07006836	-0.35971570015
140.194122314	1441.50341797	-0.365262746811
140.20199585	1441.92041016	-0.365190923214
140.215759277	1442.37060547	-0.364465981722
140.237762451	1442.91503906	-0.364887833595
140.256362915	1443.32519531	-0.364965498447
140.278289795	1443.77539062	-0.36312353611
140.2996521	1444.22070312	-0.361851513386
140.320648193	1444.65356445	-0.363258600235
140.340896606	1445.07226562	-0.363873243332
140.361053467	1445.48852539	-0.364774703979
140.383529663	1446.07275391	-0.364794671535
140.3777771	1446.67041016	-0.367227315903
140.375793457	1447.2565918	-0.366941273212
140.372772217	1447.83935547	-0.368649721146
140.370574951	1448.25366211	-0.372107028961
140.368164062	1448.70874023	-0.372727394104
140.365478516	1449.20483398	-0.373531222343
140.362640381	1449.74536133	-0.375013619661
140.359588623	1450.33422852	-0.375943571329
140.356338501	1450.97363281	-0.376913040876
140.352905273	1451.65026855	-0.375815778971
140.349487305	1452.33410645	-0.374339222908
140.346084595	1453.00708008	-0.376681625843
140.342468262	1453.71594238	-0.380474746227
140.3387146	1454.46728516	-0.381149828434
140.334564209	1455.28027344	-0.384785473347
140.332672119	1455.6932373	-0.384875416756
140.330581665	1456.13793945	-0.384413570166
140.328582764	1456.58959961	-0.383300989866
140.326751709	1457.04382324	-0.382152825594
140.324966431	1457.49829102	-0.381442338228
140.323013306	1457.95117188	-0.381575703621
140.321182251	1458.38586426	-0.382246732712
140.319747925	1458.82983398	-0.37915495038
140.318313599	1459.27172852	-0.371792972088
140.316864014	1459.7097168	-0.36607208848
140.315505981	1460.14404297	-0.366193622351
140.31388855	1460.57995605	-0.369386136532
140.312194824	1461.0222168	-0.372016698122
140.310501099	1461.47363281	-0.373200297356
140.308792114	1461.93579102	-0.373085737228
140.307128906	1462.40844727	-0.372649043798
140.305404663	1462.89221191	-0.37283885479
140.303695679	1463.3963623	-0.374879688025
140.301895142	1463.9161377	-0.375959128141
140.300140381	1464.4621582	-0.375820785761
140.298461914	1465.02905273	-0.375327676535
140.297439575	1465.61633301	-0.375121176243
140.296096802	1466.22058105	-0.37446424365
140.294387817	1466.83630371	-0.372636795044
140.292755127	1467.46105957	-0.3715313375
140.291122437	1468.09484863	-0.371269702911
140.289535522	1468.73291016	-0.370141386986
140.28805542	1469.37072754	-0.368645370007
140.286605835	1470.00634766	-0.367585420609
140.28515625	1470.63818359	-0.367167234421
140.2837677	1471.26611328	-0.367053747177
140.28237915	1471.8894043	-0.366893708706
140.280990601	1472.50817871	-0.366806954145
140.279647827	1473.12207031	-0.366762042046
140.278442383	1473.70800781	-0.366697311401
140.277145386	1474.31298828	-0.366770774126
140.275924683	1474.91308594	-0.366790831089
140.274688721	1475.50891113	-0.366733193398
140.273483276	1476.09997559	-0.366660177708
140.272323608	1476.68640137	-0.366555809975
140.271148682	1477.26098633	-0.366505652666
140.270004272	1477.83874512	-0.36650288105
140.268890381	1478.41052246	-0.366503417492
140.267822266	1478.97900391	-0.366467118263
140.266738892	1479.53979492	-0.366620838642
140.265594482	1480.0994873	-0.366732299328
140.264404297	1480.6550293	-0.366911530495
140.262481689	1481.2064209	-0.367095470428
140.260620117	1481.73632812	-0.367505788803
140.259613037	1482.27856445	-0.367497742176
140.259567261	1482.81640625	-0.367767632008
140.259994507	1483.35009766	-0.368199646473
140.259384155	1483.87939453	-0.368231594563
140.256118774	1484.40405273	-0.364752411842
140.252670288	1484.92431641	-0.360883533955
140.251144409	1485.44018555	-0.355923295021
140.252532959	1485.95214844	-0.354613184929
140.253250122	1486.46044922	-0.353132456541
140.251296997	1486.96484375	-0.346624135971
140.248565674	1487.46557617	-0.339083909988
140.245697021	1487.9621582	-0.334050863981
140.243560791	1488.45458984	-0.33601295948
140.241836548	1488.94384766	-0.347169309855
140.240463257	1489.4362793	-0.354588359594
140.239227295	1489.93676758	-0.362399816513
140.23789978	1490.44140625	-0.370062589645
140.234970093	1490.9465332	-0.370338410139
140.231918335	1491.44995117	-0.366033554077
140.228134155	1491.95068359	-0.361151009798
140.225860596	1492.44775391	-0.363304883242
140.224136353	1492.94140625	-0.363344788551
140.222000122	1493.43115234	-0.358123660088
140.220458984	1493.91748047	-0.355201452971
140.220123291	1494.40087891	-0.354555726051
140.219650269	1494.88525391	-0.355979800224
140.217758179	1495.38037109	-0.356185734272
140.216873169	1495.88549805	-0.359476745129
140.216949463	1496.40356445	-0.363958001137
140.217956543	1496.93481445	-0.367137551308
140.219726562	1497.47680664	-0.367174655199
140.220001221	1498.01953125	-0.365358710289
140.21963501	1498.5826416	-0.364646553993
140.21887207	1499.15307617	-0.365839958191
140.218170166	1499.72546387	-0.365441501141
140.217712402	1500.29699707	-0.364497423172
140.217681885	1500.86584473	-0.364146232605
140.217590332	1501.42993164	-0.364117443562
140.217453003	1501.99133301	-0.364304661751
140.216964722	1502.54833984	-0.366210341454
140.216705322	1503.10131836	-0.366503536701
140.216751099	1503.65112305	-0.365298241377
140.216506958	1504.20446777	-0.366395503283
140.216201782	1504.76708984	-0.368338525295
140.215560913	1505.33959961	-0.368669450283
140.214614868	1505.91748047	-0.367514491081
140.213973999	1506.49804688	-0.366923302412
140.213607788	1507.0769043	-0.367269277573
140.213470459	1507.65307617	-0.36942666769
140.21244812	1508.22558594	-0.374670147896
140.211532593	1508.79394531	-0.376960426569
140.211029053	1509.35791016	-0.376732259989
140.211166382	1509.91796875	-0.376168310642
140.211425781	1510.46484375	-0.375570803881
140.211257935	1511.01599121	-0.375508606434
140.211044312	1511.55932617	-0.374961853027
140.210861206	1512.10205078	-0.374138832092
140.210693359	1512.640625	-0.373356878757
140.210357666	1513.17480469	-0.372321605682
140.210327148	1513.70495605	-0.371743023396
140.210250854	1514.23059082	-0.371110200882
140.209823608	1514.75146484	-0.371264278889
140.208679199	1515.26757812	-0.370367705822
140.207824707	1515.77954102	-0.369646728039
140.207458496	1516.28747559	-0.367883443832
140.207290649	1516.77758789	-0.367103219032
140.206481934	1517.27709961	-0.357107520103
140.205078125	1517.77270508	-0.341836750507
140.20362854	1518.26416016	-0.334826469421
140.202911377	1518.75292969	-0.333958864212
140.202484131	1519.24414062	-0.334849178791
140.201950073	1519.74267578	-0.333639442921
140.201400757	1520.24658203	-0.331060886383
140.201019287	1520.75073242	-0.329104304314
140.200805664	1521.25317383	-0.327855437994
140.2006073	1521.74414062	-0.327097833157
140.200500488	1522.24145508	-0.326305747032
140.200286865	1522.73583984	-0.325304031372
140.200164795	1523.22705078	-0.324247181416
140.199996948	1523.71459961	-0.323408961296
140.199996948	1524.19885254	-0.322660446167
140.199935913	1524.67358398	-0.322031527758
140.199905396	1525.1505127	-0.321009278297
140.199798584	1525.62121582	-0.319638878107
140.199859619	1526.08276367	-0.317966550589
140.199859619	1526.53405762	-0.31712949276
140.200012207	1526.97412109	-0.316172748804
140.200241089	1527.40258789	-0.315097361803
140.200363159	1527.81933594	-0.313765138388
140.200439453	1528.2244873	-0.312568277121
140.200714111	1529.00048828	-0.310698509216
140.201004028	1529.74291992	-0.311809182167
140.201217651	1530.48950195	-0.313060641289
140.201370239	1531.25292969	-0.310680150986
140.201599121	1532.03820801	-0.311205804348
140.201705933	1532.44555664	-0.311732172966
140.201889038	1532.86157227	-0.310925215483
140.201950073	1533.2824707	-0.308949112892
140.202041626	1533.70556641	-0.306885957718
140.20223999	1534.13378906	-0.306119978428
140.202346802	1534.57080078	-0.306493163109
140.202438354	1535.01806641	-0.306949079037
140.202590942	1535.47570801	-0.307178318501
140.202819824	1535.94555664	-0.307622015476
140.202926636	1536.43408203	-0.309169471264
140.203155518	1536.94262695	-0.309934794903
140.203353882	1537.47143555	-0.3099206388
140.203704834	1538.02111816	-0.309876054525
140.204116821	1538.59204102	-0.309961527586
140.204269409	1539.18383789	-0.310002118349
140.204666138	1539.79345703	-0.309331297874
140.205413818	1540.41491699	-0.307634234428
140.206344604	1541.04516602	-0.306775838137
140.207290649	1541.68212891	-0.306208729744
140.208267212	1542.31518555	-0.305094838142
140.20930481	1542.95239258	-0.30428904295
140.211593628	1543.58435059	-0.303320795298
140.209777832	1544.20874023	-0.302973926067
140.201751709	1544.82641602	-0.303238987923
140.193206787	1545.43798828	-0.303730726242
140.184844971	1546.04443359	-0.30401879549
140.176605225	1546.64575195	-0.304308354855
140.168319702	1547.24230957	-0.304576277733
140.160125732	1547.83422852	-0.304661244154
140.151931763	1548.42163086	-0.30474448204
140.143859863	1549.00415039	-0.304904878139
140.135910034	1549.58251953	-0.305292904377
140.127975464	1550.15612793	-0.305806279182
140.120132446	1550.7253418	-0.306086063385
140.11239624	1551.28991699	-0.306170135736
140.104736328	1551.8503418	-0.306074559689
140.097122192	1552.40710449	-0.306317299604
140.089447021	1552.96691895	-0.308140665293
140.081695557	1553.53491211	-0.310178488493
140.073959351	1554.10803223	-0.309963524342
140.066192627	1554.68188477	-0.308384150267
140.058502197	1555.25427246	-0.307371348143
140.050811768	1555.82324219	-0.307090759277
140.043624878	1556.36303711	-0.307568460703
140.036148071	1556.92480469	-0.308763325214
140.029067993	1557.45739746	-0.309536457062
140.021820068	1558.00305176	-0.309554994106
140.01461792	1558.54040527	-0.309553772211
140.007354736	1559.08557129	-0.309958189726
140.000701904	1559.5871582	-0.310873538256
139.993621826	1560.12426758	-0.311572730541
139.986907959	1560.63671875	-0.311994373798
139.979904175	1561.16577148	-0.311919152737
139.973007202	1561.68286133	-0.311973333359
139.966171265	1562.20361328	-0.312636643648
139.959747314	1562.69506836	-0.313491374254
139.954452515	1563.20532227	-0.313607186079
139.947616577	1563.67358398	-0.313070386648
139.930221558	1564.16394043	-0.313077926636
139.905426025	1564.61755371	-0.314306437969
139.880996704	1565.04907227	-0.315331399441
139.856155396	1565.4909668	-0.315306067467
139.830230713	1565.95043945	-0.314264774323
139.804977417	1566.39599609	-0.313660949469
139.780258179	1566.83105469	-0.313881456852
139.734634399	1567.63427734	-0.315251976252
139.689254761	1568.41369629	-0.314711689949
139.659317017	1569.06860352	-0.315173864365
139.646087646	1569.72460938	-0.318262159824
139.632888794	1570.36962891	-0.318727791309
139.62109375	1570.97216797	-0.320422977209
139.609954834	1571.54711914	-0.323536813259
139.598052979	1572.16162109	-0.327776134014
139.58531189	1572.83178711	-0.32942956686
139.572250366	1573.54077148	-0.331712841988
139.55871582	1574.27954102	-0.333630770445
139.543914795	1575.10888672	-0.333419442177
139.536437988	1575.55664062	-0.334174156189
139.528808594	1576.01660156	-0.334589958191
139.52104187	1576.45410156	-0.334351330996
139.512298584	1576.93457031	-0.334338009357
139.503265381	1577.42810059	-0.335380613804
139.493789673	1577.94311523	-0.337666332722
139.484405518	1578.43835449	-0.337907075882
139.474014282	1578.99169922	-0.337057828903
139.463867188	1579.52600098	-0.336147844791
139.452835083	1580.11401367	-0.336032360792
139.443710327	1580.68591309	-0.335592448711
139.434432983	1581.3001709	-0.333552777767
139.425216675	1581.92333984	-0.332080334425
139.415908813	1582.55200195	-0.330780446529
139.409057617	1583.10131836	-0.328733384609
139.396347046	1583.72192383	-0.327383667231
139.378768921	1584.32519531	-0.326948314905
139.360916138	1584.93652344	-0.326552659273
139.345184326	1585.48181152	-0.325774520636
139.327636719	1586.08410645	-0.325769424438
139.310653687	1586.66723633	-0.325914204121
139.29524231	1587.19433594	-0.325459033251
139.280181885	1587.70947266	-0.324900209904
139.263061523	1588.29467773	-0.324475973845
139.246078491	1588.875	-0.324290513992
139.229248047	1589.45117188	-0.324176102877
139.212875366	1590.01123047	-0.324332088232
139.196289062	1590.578125	-0.32431447506
139.181427002	1591.08752441	-0.32349216938
139.166748047	1591.58996582	-0.323092132807
139.151748657	1592.10180664	-0.324049651623
139.135040283	1592.67358398	-0.325145542622
139.119750977	1593.20007324	-0.324041426182
139.102935791	1593.77734375	-0.321493864059
139.087036133	1594.32543945	-0.31954485178
139.070831299	1594.87841797	-0.318181365728
139.054779053	1595.40014648	-0.31716004014
139.038131714	1595.96630859	-0.316771268845
139.023178101	1596.49523926	-0.316276967525
139.007476807	1597.05297852	-0.315483272076
138.993362427	1597.54663086	-0.316572189331
138.976837158	1598.09606934	-0.322843849659
138.960617065	1598.64123535	-0.324869781733
138.945419312	1599.18237305	-0.324647963047
138.931365967	1599.68237305	-0.321308881044
138.91758728	1600.1652832	-0.320844054222
138.903839111	1600.6496582	-0.321171939373
138.888809204	1601.17553711	-0.322280794382
138.874191284	1601.69689941	-0.323465049267
138.859558105	1602.2142334	-0.325221717358
138.845092773	1602.71850586	-0.327156662941
138.829971313	1603.22802734	-0.329082101583
138.815689087	1603.69482422	-0.330717176199
138.799285889	1604.19616699	-0.333205997944
138.785354614	1604.64599609	-0.334945470095
138.771911621	1605.10876465	-0.335352241993
138.758789062	1605.56079102	-0.336485207081
138.743942261	1606.04760742	-0.337465047836
138.730484009	1606.47229004	-0.339034378529
138.71446228	1606.95092773	-0.333927631378
138.700469971	1607.38330078	-0.330082654953
138.686630249	1607.84716797	-0.333010494709
138.673477173	1608.29882812	-0.337893277407
138.660018921	1608.73913574	-0.349637210369
138.635665894	1609.54785156	-0.333470851183
138.612991333	1610.31323242	-0.323243826628
138.59324646	1610.99511719	-0.314772844315
138.572540283	1611.68383789	-0.313220024109
138.553131104	1612.32543945	-0.314417630434
138.54309082	1612.734375	-0.322916269302
138.534225464	1613.2442627	-0.324569702148
138.524734497	1613.76574707	-0.329079627991
138.516082764	1614.16711426	-0.333620518446
138.5052948	1614.64501953	-0.337604641914
138.491943359	1615.18994141	-0.334876567125
138.478149414	1615.76464844	-0.332170397043
138.462753296	1616.40356445	-0.328848212957
138.451461792	1616.87792969	-0.32792776823
138.440078735	1617.35546875	-0.325751036406
138.423568726	1617.90759277	-0.321610331535
138.409942627	1618.3347168	-0.319020986557
138.396774292	1618.79785156	-0.316992044449
138.382736206	1619.3425293	-0.315517157316
138.368347168	1619.9420166	-0.312074184418
138.353302002	1620.61987305	-0.307793498039
138.337646484	1621.34423828	-0.304615288973
138.319412231	1622.11376953	-0.299407213926
138.308486938	1622.51708984	-0.297221034765
138.295883179	1622.96069336	-0.295738905668
138.282455444	1623.40856934	-0.294571340084
138.267929077	1623.88549805	-0.291846573353
138.252944946	1624.34082031	-0.288755327463
138.235534668	1624.83764648	-0.286731600761
138.216934204	1625.32104492	-0.28602129221
138.194778442	1625.84619141	-0.286901652813
138.171020508	1626.36523438	-0.286334604025
138.14352417	1626.92504883	-0.28394344449
138.114944458	1627.4708252	-0.281793385744
138.085189819	1628.01489258	-0.278829187155
138.053329468	1628.56225586	-0.276426553726
138.015258789	1629.17041016	-0.271998465061
137.975708008	1629.7487793	-0.26708894968
137.930206299	1630.36657715	-0.26244020462
137.881195068	1630.98803711	-0.258855193853
137.828720093	1631.61279297	-0.25580573082
137.795578003	1632.03747559	-0.257931828499
137.746673584	1632.48254395	-0.25420203805
137.6824646	1633.03271484	-0.250589758158
137.628341675	1633.49804688	-0.249063581228
137.570983887	1634.00720215	-0.24691721797
137.510162354	1634.53527832	-0.245344445109
137.443115234	1635.08947754	-0.245367452502
137.370651245	1635.65979004	-0.244758665562
137.290130615	1636.26037598	-0.244765281677
137.205307007	1636.86071777	-0.245799809694
137.110168457	1637.49951172	-0.247552916408
137.003570557	1638.17480469	-0.247868448496
136.887176514	1638.87182617	-0.247665748
136.75302124	1639.63098145	-0.247384294868
136.614959717	1640.36865234	-0.247248917818
136.533172607	1640.78625488	-0.247119352221
136.449234009	1641.2019043	-0.246827587485
136.351715088	1641.67773438	-0.248294278979
136.23866272	1642.16796875	-0.247936725616
136.143280029	1642.55810547	-0.247363686562
136.032211304	1643.00732422	-0.247324168682
135.905075073	1643.51647949	-0.246655166149
135.805999756	1643.91479492	-0.247122377157
135.683135986	1644.38024902	-0.244374245405
135.552444458	1644.8671875	-0.243046581745
135.444961548	1645.26660156	-0.242001533508
135.325317383	1645.70727539	-0.240700334311
135.180633545	1646.23168945	-0.239223778248
135.015960693	1646.81506348	-0.238074913621
134.830276489	1647.45385742	-0.236806929111
134.619552612	1648.15087891	-0.235858246684
134.385192871	1648.89355469	-0.235089465976
134.252792358	1649.29833984	-0.234623149037
134.125030518	1649.68029785	-0.234038352966
133.976364136	1650.1159668	-0.232445791364
133.825439453	1650.546875	-0.229953408241
133.674407959	1650.96691895	-0.22770100832
133.521224976	1651.38183594	-0.226809859276
133.344406128	1651.84838867	-0.226818591356
133.169158936	1652.29736328	-0.227142453194
132.970535278	1652.7902832	-0.227342993021
132.766937256	1653.28198242	-0.227043941617
132.545913696	1653.80224609	-0.226744115353
132.33795166	1654.28015137	-0.226575434208
132.114349365	1654.78186035	-0.226180285215
131.885421753	1655.28588867	-0.225683391094
131.626159668	1655.84301758	-0.224541038275
131.359771729	1656.40002441	-0.224138975143
131.08416748	1656.96240234	-0.225488170981
130.815124512	1657.49829102	-0.22736428678
130.524002075	1658.06567383	-0.229083359241
130.225219727	1658.63537598	-0.22998458147
129.918869019	1659.20825195	-0.229984015226
129.626327515	1659.74560547	-0.229948967695
129.306091309	1660.32373047	-0.230033218861
129.00163269	1660.86401367	-0.230043724179
128.691253662	1661.40625	-0.230269894004
128.351669312	1661.99047852	-0.230665460229
128.005752563	1662.57666016	-0.230624258518
127.65914917	1663.15478516	-0.22993683815
127.301116943	1663.74304199	-0.22896169126
126.937454224	1664.33166504	-0.228535488248
126.568222046	1664.92089844	-0.228502005339
126.193435669	1665.51000977	-0.228919893503
125.813186646	1666.09863281	-0.229960545897
125.448410034	1666.65490723	-0.230550378561
125.057373047	1667.24279785	-0.230861544609
124.660797119	1667.82946777	-0.231289625168
124.25843811	1668.41479492	-0.231157436967
123.864471436	1668.97839355	-0.230686575174
123.450714111	1669.56103516	-0.230417966843
123.064163208	1670.09667969	-0.230094328523
122.787200928	1670.48718262	-0.235445573926
122.512573242	1670.8416748	-0.233607083559
122.146118164	1671.30712891	-0.234262138605
121.852783203	1671.67944336	-0.234273284674
121.519683838	1672.10180664	-0.235157057643
121.143707275	1672.57653809	-0.236980870366
120.872451782	1672.91967773	-0.239018082619
120.563476562	1673.2980957	-0.237957552075
120.228179932	1673.70373535	-0.239476948977
119.950668335	1674.03857422	-0.240365207195
119.638595581	1674.41345215	-0.241513714194
119.281967163	1674.83886719	-0.242794066668
118.879760742	1675.3145752	-0.244197040796
118.443572998	1675.82397461	-0.245399996638
117.960968018	1676.3782959	-0.246441930532
117.44821167	1676.95703125	-0.248398706317
117.159179688	1677.27856445	-0.249581485987
116.855422974	1677.61254883	-0.250614285469
116.537582397	1677.95922852	-0.251469165087
116.219970703	1678.30224609	-0.251800477505
115.879150391	1678.66564941	-0.252075284719
115.525970459	1679.03710938	-0.252136945724
115.159881592	1679.41674805	-0.252112090588
114.800094604	1679.7845459	-0.252124428749
114.405273438	1680.18286133	-0.252812176943
114.022903442	1680.5637207	-0.25299295783
113.598968506	1680.98010254	-0.252275079489
113.185531616	1681.38049316	-0.251054108143
112.736801147	1681.8092041	-0.249057009816
112.29977417	1682.22094727	-0.24634295702
111.850402832	1682.63745117	-0.244327366352
111.405578613	1683.04296875	-0.243375122547
110.927383423	1683.47192383	-0.242998063564
110.45211792	1683.890625	-0.242534801364
109.959289551	1684.31750488	-0.241678386927
109.45942688	1684.74304199	-0.240821689367
108.952651978	1685.16748047	-0.23970875144
108.457077026	1685.57580566	-0.238701403141
107.93737793	1685.99707031	-0.237823948264
107.422103882	1686.40795898	-0.236804753542
106.893875122	1686.82275391	-0.235120087862
106.384384155	1687.21594238	-0.232706606388
101.73274231	1690.76208496	-0.247487485409
96.009979248	1695.12414551	-0.228623330593
90.252532959	1699.51269531	-0.207262977958
84.7681884766	1703.69958496	-0.222174540162
79.0747680664	1708.03845215	-0.266624540091
77.4251403809	1709.30371094	-0.304044604301
77.0960083008	1709.53662109	-0.29520457983
