77.5794677734	-158.619110107	-0.172771453857
77.5425109863	-158.31262207	-0.179226875305
77.505645752	-158.012695312	-0.182862281799
77.4635620117	-157.71206665	-0.187982559204
77.4161071777	-157.410583496	-0.191660881042
77.3551025391	-157.11618042	-0.196164131165
77.2901916504	-156.817749023	-0.201324462891
77.220916748	-156.509094238	-0.204815864563
77.1507263184	-156.191711426	-0.209086418152
77.0809326172	-155.871673584	-0.212182044983
77.0138549805	-155.566558838	-0.215179443359
76.9391479492	-155.225494385	-0.216994285583
76.8623352051	-154.87512207	-0.219465255737
76.7889404297	-154.541229248	-0.222026824951
76.7237854004	-154.245239258	-0.220029830933
76.6428222656	-153.878387451	-0.221265792847
76.5611572266	-153.505462646	-0.222434997559
76.4855651855	-153.171691895	-0.223670005798
76.3999023438	-152.81161499	-0.228919029236
76.3238220215	-152.488342285	-0.230690002441
76.2528686523	-152.186920166	-0.232062339783
76.1572570801	-151.779296875	-0.234894752502
76.086517334	-151.466369629	-0.233057975769
76.0108337402	-151.174499512	-0.235466003418
75.9366149902	-150.877380371	-0.237184524536
75.8511962891	-150.534393311	-0.238631248474
75.7604675293	-150.172546387	-0.241578102112
75.6555480957	-149.755371094	-0.24520778656
75.5712585449	-149.418151855	-0.247174263
75.4837341309	-149.066955566	-0.248805999756
75.3959960938	-148.715057373	-0.250514030457
75.3092651367	-148.367950439	-0.250638008118
75.2211914062	-148.014862061	-0.252086639404
75.1348876953	-147.668060303	-0.255010604858
75.0466918945	-147.315093994	-0.25790977478
74.9737548828	-147.023040771	-0.260232925415
74.8742980957	-146.623779297	-0.26290512085
74.774597168	-146.223419189	-0.266366958618
74.6881408691	-145.874633789	-0.267855644226
74.5975646973	-145.534301758	-0.269415855408
74.5184326172	-145.242523193	-0.272009849548
74.4274597168	-144.907409668	-0.273851394653
74.3483581543	-144.617492676	-0.27641582489
74.2685241699	-144.325134277	-0.278721809387
74.1839599609	-144.015838623	-0.281643867493
74.0959472656	-143.693817139	-0.284728050232
73.9985046387	-143.337341309	-0.28542137146
73.9127502441	-143.0234375	-0.286943435669
73.8265075684	-142.70904541	-0.29058265686
73.7387390137	-142.389831543	-0.291373252869
73.6448669434	-142.047180176	-0.292046546936
73.5471191406	-141.691497803	-0.297268867493
73.4477844238	-141.329833984	-0.297937393188
73.345489502	-140.956298828	-0.299392700195
73.2452087402	-140.589904785	-0.301776885986
73.1463928223	-140.229248047	-0.303907394409
73.0450134277	-139.859191895	-0.306361198425
72.9515380859	-139.5184021	-0.308512687683
72.8538513184	-139.161560059	-0.309743881226
72.7569580078	-138.807098389	-0.312123298645
72.6407775879	-138.383422852	-0.317005157471
72.5392150879	-138.012817383	-0.317546844482
72.4328308105	-137.624694824	-0.31981086731
72.3122558594	-137.185516357	-0.325191497803
72.1877746582	-136.731933594	-0.327521324158
72.0796813965	-136.337097168	-0.328079223633
71.9774169922	-135.96383667	-0.330738067627
71.8719177246	-135.579650879	-0.335425376892
71.7893981934	-135.27947998	-0.336576461792
71.7054138184	-134.973571777	-0.33490562439
71.599822998	-134.58807373	-0.335525512695
71.4966430664	-134.211578369	-0.337597846985
71.3980712891	-133.845306396	-0.335605621338
71.2584533691	-133.412597656	-0.341082572937
71.1588439941	-133.089477539	-0.341725349426
71.0572814941	-132.762573242	-0.34253692627
70.9612121582	-132.454833984	-0.34338760376
70.8397827148	-132.065216064	-0.343947410583
70.7420959473	-131.751586914	-0.344444274902
70.6432189941	-131.433959961	-0.345080375671
70.5434570312	-131.121307373	-0.342888832092
70.4492797852	-130.786529541	-0.347242355347
70.3516845703	-130.454803467	-0.347736358643
70.2481384277	-130.09979248	-0.348798751831
70.1531677246	-129.773864746	-0.350191116333
70.0508728027	-129.423034668	-0.351048469543
69.9544372559	-129.092590332	-0.352828025818
69.8273620605	-128.657897949	-0.354939460754
69.7300109863	-128.325805664	-0.355627059937
69.6277770996	-127.976501465	-0.354581832886
69.5357971191	-127.661499023	-0.355321884155
69.4473266602	-127.362457275	-0.35528087616
69.1000061035	-126.207275391	-0.357221603394
68.9970092773	-125.887481689	-0.359236717224
68.9007263184	-125.583557129	-0.360172271729
68.8030700684	-125.276184082	-0.36039352417
68.7036743164	-124.963775635	-0.361644744873
68.3323669434	-123.800598145	-0.363305091858
68.2262268066	-123.469970703	-0.366431236267
68.1210021973	-123.143798828	-0.367078781128
68.0141601562	-122.813201904	-0.369764328003
67.9009094238	-122.463256836	-0.373354911804
67.7510070801	-121.997680664	-0.375903129578
67.2884216309	-120.565368652	-0.381008148193
66.7007446289	-118.757720947	-0.399625778198
66.0081787109	-116.63168335	-0.409677505493
65.2698059082	-114.366577148	-0.407244682312
64.5883789062	-112.274627686	-0.402137756348
63.7859191895	-109.90246582	-0.388595581055
63.6862182617	-109.613555908	-0.388461112976
63.5429992676	-109.195556641	-0.388131141663
63.4111633301	-108.807373047	-0.38512802124
63.2499084473	-108.335449219	-0.392362594604
62.5363464355	-106.24420166	-0.391075134277
62.4275817871	-105.925109863	-0.394085884094
62.3162841797	-105.598480225	-0.395586967468
62.2047424316	-105.269165039	-0.393944740295
61.8547973633	-104.242095947	-0.387506484985
61.0844421387	-101.97088623	-0.355105400085
60.3127441406	-99.7070007324	-0.345390319824
59.3495178223	-96.884765625	-0.336305618286
59.2232971191	-96.5151367188	-0.332404136658
59.0637512207	-96.0467529297	-0.328151702881
58.9472961426	-95.705078125	-0.329705238342
58.8035583496	-95.2833862305	-0.328634262085
58.6951904297	-94.9651794434	-0.326416969299
58.5545349121	-94.5526733398	-0.32715511322
58.4546203613	-94.2602539062	-0.326647758484
58.2764892578	-93.736907959	-0.321729660034
58.1051330566	-93.2329101562	-0.31947517395
57.9819030762	-92.8707885742	-0.31893825531
57.8541870117	-92.4953918457	-0.315485954285
57.6810302734	-91.9859313965	-0.309639930725
57.5592956543	-91.627746582	-0.307214736938
57.4393615723	-91.2749023438	-0.305926322937
57.3112792969	-90.8977966309	-0.305436134338
57.1849365234	-90.5260925293	-0.304879188538
57.0262145996	-90.0582885742	-0.300229072571
56.8664245605	-89.5875854492	-0.295712471008
56.7077941895	-89.1209716797	-0.296135902405
56.589630127	-88.7733154297	-0.29465675354
56.4283447266	-88.2981872559	-0.290738105774
56.3096313477	-87.9483947754	-0.289175033569
56.1397399902	-87.4479370117	-0.288194656372
56.0096740723	-87.0645751953	-0.285017967224
55.9113464355	-86.7743530273	-0.281976699829
55.7782592773	-86.3816223145	-0.278327941895
55.6465759277	-85.9932250977	-0.277765274048
55.5123596191	-85.5975341797	-0.277499198914
55.3793945312	-85.2050476074	-0.274555206299
55.2412414551	-84.7967529297	-0.270900726318
55.1069946289	-84.3967590332	-0.267974853516
54.9856567383	-84.038848877	-0.266609191895
54.811126709	-83.5546264648	-0.265142440796
54.6871337891	-83.207244873	-0.262681007385
54.557220459	-82.8428344727	-0.260179519653
54.3936767578	-82.3852233887	-0.257571220398
54.2315979004	-81.931640625	-0.256240844727
54.1123962402	-81.5983276367	-0.256050109863
54.0108642578	-81.3145446777	-0.25602722168
53.8246765137	-80.7933959961	-0.25141620636
53.6981506348	-80.4389648438	-0.247321128845
53.5215148926	-79.9449462891	-0.246765136719
53.3907775879	-79.5786132812	-0.243911743164
53.2624511719	-79.2185974121	-0.239422798157
53.1318054199	-78.8521118164	-0.237713813782
53.0034790039	-78.4925842285	-0.237728118896
52.8749694824	-78.1322631836	-0.23491191864
52.7008056641	-77.6435241699	-0.228496551514
52.5787353516	-77.3005065918	-0.2268409729
52.4496765137	-76.9376831055	-0.227974891663
52.2732543945	-76.4414367676	-0.225214004517
52.1478881836	-76.0888977051	-0.221347808838
52.0166931152	-75.7202758789	-0.219371795654
51.8921203613	-75.3708496094	-0.220419883728
51.7040710449	-74.8427124023	-0.218383789062
51.5774230957	-74.4860839844	-0.214321136475
51.4015808105	-73.9901733398	-0.209248542786
51.2691345215	-73.6178588867	-0.207736968994
51.1311035156	-73.2301940918	-0.205194473267
51.001739502	-72.8660888672	-0.201076507568
50.8086547852	-72.3235168457	-0.195881843567
50.6753540039	-71.9494934082	-0.193819046021
50.4818725586	-71.4062805176	-0.188460350037
50.3323974609	-70.9858093262	-0.185316085815
50.1991882324	-70.6112670898	-0.185536384583
50.005279541	-70.06640625	-0.185840606689
49.8614807129	-69.6635742188	-0.182018280029
49.7145690918	-69.2514038086	-0.178564071655
49.5665588379	-68.8360595703	-0.17666721344
49.4317626953	-68.4571228027	-0.172626495361
49.2687683105	-67.9985961914	-0.165829658508
49.1146240234	-67.5652770996	-0.160327911377
48.9592895508	-67.1294250488	-0.157419204712
48.8116760254	-66.71484375	-0.154912948608
48.6116027832	-66.15234375	-0.150044441223
48.467590332	-65.7477111816	-0.148344039917
48.3232727051	-65.3432617188	-0.147312164307
48.1697998047	-64.9136657715	-0.146055221558
47.9684753418	-64.3499145508	-0.144696235657
47.8325805664	-63.9686584473	-0.143733024597
47.6484985352	-63.4518127441	-0.139233589172
47.51953125	-63.0895690918	-0.136435508728
47.1472473145	-62.0439453125	-0.133432388306
46.8414306641	-61.1862487793	-0.131422042847
46.5299987793	-60.3126831055	-0.13475894928
46.0956115723	-59.0845947266	-0.125043869019
45.4808959961	-57.3512268066	-0.130750656128
44.8941040039	-55.7313537598	-0.12641620636
44.6991577148	-55.196685791	-0.120708465576
43.7351989746	-52.5619506836	-0.0920524597168
43.2456359863	-51.2238769531	-0.0795087814331
41.9981079102	-47.8036193848	-0.0536031723022
41.7851867676	-47.2204589844	-0.0548038482666
41.1826171875	-45.5667419434	-0.0554037094116
40.7122192383	-44.2727355957	-0.0607004165649
40.2902832031	-43.1170349121	-0.0654897689819
39.8564453125	-41.9258728027	-0.0645093917847
39.6968078613	-41.48828125	-0.0732593536377
39.5911865234	-41.1990661621	-0.0792474746704
39.4369506836	-40.7761535645	-0.0864591598511
39.293548584	-40.3823852539	-0.0921173095703
39.138885498	-39.9574584961	-0.096586227417
38.9821472168	-39.5259399414	-0.100717544556
38.8795471191	-39.2425537109	-0.104068756104
38.6767883301	-38.6809082031	-0.111723899841
38.5134277344	-38.2270202637	-0.116821289062
38.3609008789	-37.804473877	-0.120904922485
38.2067871094	-37.379486084	-0.12647151947
38.0581054688	-36.9694519043	-0.130321502686
37.9104614258	-36.5605773926	-0.130400657654
37.7624816895	-36.1473388672	-0.128071784973
37.6049804688	-35.7051696777	-0.124752998352
37.456451416	-35.2866210938	-0.121023178101
37.3051147461	-34.8661499023	-0.116052627563
37.1530761719	-34.4478759766	-0.110494613647
36.9892578125	-33.9953613281	-0.103886604309
36.8389892578	-33.5733032227	-0.0949325561523
36.7366333008	-33.2848510742	-0.0904998779297
36.5754089355	-32.8326721191	-0.0895347595215
36.3689575195	-32.2617797852	-0.0857362747192
36.2648010254	-31.9718933105	-0.0832090377808
36.1047668457	-31.5254211426	-0.0802927017212
35.9481201172	-31.0909423828	-0.0807247161865
35.7755126953	-30.6115722656	-0.0793466567993
35.6051330566	-30.1388244629	-0.0787801742554
35.4371643066	-29.671661377	-0.0741014480591
35.2773742676	-29.2229309082	-0.0690336227417
35.1268920898	-28.8020629883	-0.0642566680908
34.9677734375	-28.3612060547	-0.0573377609253
34.8172912598	-27.944732666	-0.0537939071655
34.6714172363	-27.536529541	-0.0509605407715
34.5271606445	-27.1333618164	-0.0484972000122
34.3839111328	-26.7346191406	-0.0467433929443
34.2814025879	-26.4487609863	-0.0464086532593
34.1338806152	-26.0368347168	-0.0451574325562
33.9918823242	-25.6403198242	-0.0442781448364
33.8467102051	-25.2355041504	-0.0431203842163
33.7387390137	-24.9337463379	-0.0424013137817
33.5908813477	-24.5204467773	-0.0408563613892
33.4606018066	-24.1563415527	-0.0392427444458
33.3262023926	-23.780670166	-0.0376825332642
33.1914672852	-23.4039306641	-0.0361967086792
33.0277099609	-22.9457397461	-0.0345315933228
32.901184082	-22.5917358398	-0.0344514846802
32.7381896973	-22.1358947754	-0.0333471298218
32.6094055176	-21.7752990723	-0.0308704376221
32.4503479004	-21.3295593262	-0.0290803909302
32.3258666992	-20.9810791016	-0.0296478271484
32.2026672363	-20.6360778809	-0.0291709899902
32.0738830566	-20.2749328613	-0.0267210006714
31.9382324219	-19.8941650391	-0.0238437652588
31.8051452637	-19.5209655762	-0.0223665237427
31.5065917969	-18.6850585938	-0.0208101272583
31.1487121582	-17.675567627	-0.0202007293701
31.046295166	-17.387298584	-0.0193824768066
30.9422302246	-17.0943908691	-0.0180320739746
30.7867431641	-16.657409668	-0.0124702453613
30.0986328125	-14.7075195312	0.021409034729
29.7641906738	-13.7605285645	0.0254964828491
28.914855957	-11.3541870117	0.0392637252808
28.8055114746	-11.0440368652	0.040488243103
28.6942443848	-10.7285461426	0.0409860610962
28.5419006348	-10.2964172363	0.0423078536987
28.3898620605	-9.86508178711	0.0454568862915
28.2307128906	-9.4130859375	0.04833984375
28.1288146973	-9.12393188477	0.0493936538696
27.9686584473	-8.66903686523	0.051495552063
27.8075256348	-8.21072387695	0.054539680481
27.6504821777	-7.76376342773	0.0577735900879
27.4809875488	-7.28121948242	0.0610637664795
27.315246582	-6.80938720703	0.0640630722046
27.1557312012	-6.35177612305	0.0674428939819
27.0017089844	-5.91418457031	0.0707302093506
26.8313293457	-5.46243286133	0.0725612640381
26.6733398438	-5.04577636719	0.0746059417725
26.5615844727	-4.74993896484	0.0764455795288
26.3965454102	-4.31286621094	0.079517364502
26.2450561523	-3.91192626953	0.0823125839233
26.0930480957	-3.50991821289	0.0850143432617
25.9422607422	-3.11096191406	0.0875720977783
25.7857971191	-2.69668579102	0.089898109436
25.6416625977	-2.31506347656	0.0920171737671
25.5014953613	-1.94369506836	0.0939416885376
25.3506469727	-1.54382324219	0.0965766906738
25.2153015137	-1.18515014648	0.0992298126221
25.0777587891	-0.820922851562	0.101571083069
24.9396972656	-0.455261230469	0.102615356445
24.8022155762	-0.0911560058594	0.104104995728
24.6503601074	0.311187744141	0.10702419281
24.5064697266	0.69287109375	0.110242843628
24.3652954102	1.06689453125	0.113204956055
24.2176513672	1.45837402344	0.116024971008
24.0775756836	1.83020019531	0.118505477905
23.9407958984	2.193359375	0.120861053467
23.7858886719	2.60455322266	0.124775886536
23.6457519531	2.97662353516	0.129969596863
23.5086669922	3.34051513672	0.134217262268
23.379119873	3.68411254883	0.137322425842
23.2393798828	4.05432128906	0.139702796936
23.1086425781	4.40051269531	0.14158821106
22.982421875	4.73504638672	0.143637657166
22.8524169922	5.07995605469	0.146090507507
22.7285461426	5.40939331055	0.149285316467
22.5636901855	5.8473815918	0.156410217285
22.4477539062	6.15551757812	0.161605834961
22.329864502	6.46792602539	0.165556907654
22.209777832	6.78564453125	0.168515205383
22.0979919434	7.0813293457	0.171165466309
21.9661560059	7.42984008789	0.173167228699
21.852142334	7.73220825195	0.175788879395
21.7091369629	8.11166381836	0.180227279663
21.5972900391	8.40789794922	0.180304527283
21.4489135742	8.80047607422	0.18171787262
21.3384399414	9.09350585938	0.184825897217
21.1770324707	9.5207824707	0.187560081482
21.054901123	9.84414672852	0.190467834473
20.8730773926	10.3262023926	0.195608139038
20.7547607422	10.639831543	0.198632240295
20.6307678223	10.9684753418	0.202006340027
20.5027770996	11.3078308105	0.206363677979
20.3778381348	11.6390075684	0.207790374756
20.2407226562	12.0023803711	0.209542274475
20.0624389648	12.4753417969	0.215658187866
19.940032959	12.8000183105	0.219757080078
19.8109130859	13.1424560547	0.221153259277
19.6762390137	13.4996643066	0.223654747009
19.5484313965	13.8385925293	0.227948188782
19.4167175293	14.1880187988	0.232597351074
19.2876281738	14.5308532715	0.235639572144
19.1647949219	14.8561401367	0.238377571106
19.0443725586	15.1735229492	0.240926742554
18.9245605469	15.5054321289	0.243279457092
18.8091430664	15.8228759766	0.247032165527
18.6893005371	16.1513977051	0.250163078308
18.5352783203	16.5737304688	0.25260925293
18.4239807129	16.8789978027	0.255526542664
18.3156738281	17.1763916016	0.258178710938
18.2057495117	17.4724731445	0.26088809967
18.1002807617	17.7758178711	0.262582778931
17.9729003906	18.1383056641	0.266129493713
17.8727416992	18.4220581055	0.26796913147
17.718536377	18.859588623	0.2721824646
17.5620727539	19.303527832	0.273429870605
17.4333190918	19.6686096191	0.278136253357
17.2742614746	20.1200256348	0.279847145081
17.1399841309	20.5009460449	0.28169631958
17.0028076172	20.8903198242	0.28768157959
16.8674621582	21.274017334	0.289038658142
16.7640380859	21.5676269531	0.291567802429
16.6161804199	21.9873352051	0.296228408813
16.5065612793	22.2979431152	0.297430038452
16.3854064941	22.6413269043	0.298942565918
16.2147216797	23.1259765625	0.303369522095
16.0435791016	23.612121582	0.308494567871
15.8566894531	24.1435546875	0.312499046326
15.7296447754	24.5047302246	0.316699981689
15.5932617188	24.8927001953	0.320509910583
15.0861206055	26.3359985352	0.330723762512
14.4471130371	28.1577453613	0.339486122131
14.3049621582	28.5636901855	0.342729568481
14.1248474121	29.0777282715	0.347744941711
13.989074707	29.465637207	0.350041389465
13.7945861816	30.0209655762	0.349792480469
13.6064758301	30.5583190918	0.352506637573
12.7615966797	32.9776611328	0.367163658142
12.0167541504	35.1157531738	0.378507614136
11.4996643066	36.6047058105	0.388474464417
11.2450561523	37.3388061523	0.392126083374
11.0823669434	37.8079528809	0.394380569458
10.9772033691	38.1112976074	0.39736366272
10.8178405762	38.5719909668	0.401273727417
10.6594848633	39.0306396484	0.403202056885
10.4515686035	39.6331481934	0.405528068542
10.2452697754	40.2307434082	0.40842628479
10.1450500488	40.5207214355	0.410050392151
10.032989502	40.8451843262	0.412422180176
9.86959838867	41.3187561035	0.415153503418
9.76379394531	41.6259765625	0.417036056519
9.66424560547	41.9154663086	0.419072151184
9.55099487305	42.2452087402	0.421421051025
9.44158935547	42.5637817383	0.42326259613
9.34136962891	42.8551635742	0.424342155457
9.22552490234	43.1913452148	0.42537689209
9.07348632812	43.6331787109	0.428503990173
8.96084594727	43.9609069824	0.431483268738
8.85842895508	44.2591247559	0.433513641357
8.71713256836	44.6709899902	0.435743331909
8.61956787109	44.9550170898	0.437239646912
8.51742553711	45.2554016113	0.439410209656
8.38208007812	45.6455688477	0.440678596497
8.23907470703	46.0482788086	0.441481590271
8.06521606445	46.5404968262	0.44442653656
7.92492675781	46.9378662109	0.448288917542
7.73776245117	47.4676818848	0.454171180725
7.55099487305	47.9925842285	0.460473060608
7.37167358398	48.4706115723	0.465884208679
7.20846557617	48.9105529785	0.471071243286
6.49996948242	50.8127746582	0.485056877136
5.60705566406	53.2104492188	0.512879371643
4.6276550293	55.8425598145	0.541612625122
3.76483154297	58.162902832	0.56797504425
3.43225097656	59.0577392578	0.576681137085
3.22723388672	59.6088867188	0.582921028137
3.06991577148	60.0325012207	0.589025497437
2.92156982422	60.4322509766	0.592845916748
2.76391601562	60.8569335938	0.59734249115
2.65942382812	61.1383056641	0.600828170776
2.50744628906	61.5479736328	0.605531692505
2.39065551758	61.8625183105	0.609097480774
2.28201293945	62.1551208496	0.612850189209
2.07336425781	62.7173461914	0.620543479919
1.92602539062	63.1147460938	0.624920845032
1.74472045898	63.6039733887	0.630323410034
1.63394165039	63.902923584	0.633975982666
1.52526855469	64.1964111328	0.637283325195
0.393218994141	67.2558288574	0.674872398376
0.2236328125	67.7138671875	0.679525375366
0.107849121094	68.0267333984	0.683618545532
-0.0190734863281	68.3699035645	0.688683509827
-0.191253662109	68.8356628418	0.695456504822
-0.305145263672	69.1438903809	0.69925403595
-0.411407470703	69.431060791	0.702304840088
-0.526458740234	69.7420349121	0.704862594604
-0.690643310547	70.185760498	0.709040641785
-0.857849121094	70.6373901367	0.715148925781
-1.01223754883	71.0545349121	0.72021484375
-1.12405395508	71.356842041	0.723637580872
-1.33901977539	71.9385681152	0.731413841248
-1.45471191406	72.2515869141	0.734406471252
-1.63958740234	72.7516479492	0.739486694336
-1.74453735352	73.0356140137	0.743371009827
-1.85784912109	73.3422241211	0.747650146484
-1.9641418457	73.6297912598	0.7509765625
-2.13302612305	74.0868835449	0.756574630737
-2.25909423828	74.4281616211	0.761491775513
-2.37478637695	74.7414245605	0.765493392944
-2.48342895508	75.0354309082	0.768134117126
-2.6650390625	75.5264892578	0.773187637329
-2.77890014648	75.8343200684	0.777360916138
-2.96179199219	76.3294677734	0.783517837524
-3.06829833984	76.6179199219	0.786311149597
-3.18438720703	76.9319458008	0.789881706238
-3.29312133789	77.2261047363	0.794306755066
-3.41372680664	77.5527648926	0.799510955811
-3.52630615234	77.8576049805	0.803265571594
-3.65487670898	78.205291748	0.807307243347
-3.77236938477	78.5230407715	0.811450004578
-3.89324951172	78.8501586914	0.815541267395
-4.01068115234	79.1681518555	0.818824768066
-4.19369506836	79.6634216309	0.824316978455
-4.32238769531	80.0114746094	0.829477310181
-4.50100708008	80.4952697754	0.837180137634
-4.62576293945	80.8320617676	0.841981887817
-4.7356262207	81.1244812012	0.846293449402
-4.85317993164	81.4513244629	0.84965133667
-5.0256652832	81.9346008301	0.854122161865
-5.23382568359	82.5161743164	0.860987663269
-5.43402099609	83.0758666992	0.869121551514
-5.6315612793	83.6285095215	0.875916481018
-5.83297729492	84.1907653809	0.880187988281
-6.04089355469	84.7728271484	0.886793136597
-6.24703979492	85.3499450684	0.892436027527
-6.45401000977	85.9300842285	0.899132728577
-6.61465454102	86.3804016113	0.903486251831
-6.78457641602	86.8569641113	0.908016204834
-6.89236450195	87.1591491699	0.911036491394
-7.06271362305	87.6368103027	0.914525032043
-7.17855834961	87.9613952637	0.917281150818
-7.30331420898	88.311126709	0.921261787415
-7.41885375977	88.6354064941	0.925028800964
-7.53286743164	88.9553527832	0.927613258362
-7.63729858398	89.2485046387	0.929156303406
-7.7526550293	89.5723571777	0.931395530701
-7.93203735352	90.0760803223	0.936860084534
-8.0383605957	90.3746032715	0.939549446106
-8.16131591797	90.7200317383	0.942154884338
-8.27688598633	91.044708252	0.945326805115
-8.39755249023	91.3838195801	0.949347496033
-8.51141357422	91.7037963867	0.952737808228
-8.69821166992	92.227935791	0.95677947998
-8.82736206055	92.5906066895	0.960372924805
-8.97579956055	93.0080871582	0.965246200562
-9.10235595703	93.3637695312	0.968873023987
-9.22467041016	93.7070922852	0.971723556519
-9.36190795898	94.0928649902	0.975520133972
-9.51181030273	94.5136413574	0.981181144714
-9.65286254883	94.9093322754	0.986484527588
-9.77615356445	95.2554016113	0.991104125977
-9.91094970703	95.6345825195	0.997011184692
-10.0506591797	96.0269775391	1.00284290314
-10.2456054688	96.5744628906	1.00849056244
-10.3724975586	96.9306640625	1.01110744476
-10.5245056152	97.3573913574	1.01481819153
-10.6622009277	97.744354248	1.01832580566
-10.8112182617	98.1633300781	1.0218334198
-11.0247192383	98.7640991211	1.02554607391
-11.1711120605	99.1762390137	1.02907562256
-11.3810424805	99.7670288086	1.03577232361
-11.5149841309	100.143768311	1.03870010376
-11.7326660156	100.756164551	1.04177379608
-11.8830871582	101.179840088	1.04488945007
-12.1137084961	101.830078125	1.05058574677
-12.2688903809	102.268157959	1.0546836853
-12.4284057617	102.717712402	1.05678367615
-12.5999755859	103.202392578	1.05925750732
-12.7626037598	103.661956787	1.063829422
-14.4517211914	108.446899414	1.10983371735
-15.2910461426	110.670196533	1.12673187256
-15.4570922852	111.107849121	1.13094043732
-15.7084350586	111.770324707	1.13583469391
-15.8613891602	112.173400879	1.13884544373
-16.0179748535	112.58505249	1.1425743103
-16.163482666	112.971588135	1.14596748352
-16.3119812012	113.368255615	1.14969825745
-16.4537963867	113.746765137	1.15335273743
-16.6031494141	114.145141602	1.15655517578
-16.7465209961	114.527587891	1.15914344788
-16.8966674805	114.928405762	1.16211223602
-17.0498352051	115.337799072	1.16553401947
-17.2600708008	115.899047852	1.17095088959
-17.4099121094	116.304138184	1.17560195923
-17.6179199219	116.866821289	1.18187618256
-17.7561035156	117.240905762	1.18487262726
-17.9444580078	117.750549316	1.18902301788
-18.0652160645	118.073883057	1.19225597382
-18.1996459961	118.447937012	1.19576454163
-18.3209838867	118.788146973	1.19921970367
-18.4384155273	119.117492676	1.20263671875
-18.6066894531	119.58996582	1.20740604401
-18.7563171387	120.010467529	1.21121406555
-18.9013671875	120.418457031	1.21462059021
-19.0876464844	120.942810059	1.21917915344
-19.9282226562	123.309936523	1.24051952362
-20.0308837891	123.599365234	1.24388504028
-20.1940002441	124.058990479	1.24848461151
-20.3446350098	124.483551025	1.25228691101
-20.4958496094	124.909973145	1.25746536255
-20.6075439453	125.224975586	1.26090335846
-20.772857666	125.691070557	1.26497840881
-20.8809509277	125.996002197	1.26844406128
-20.9957580566	126.320159912	1.27252483368
-21.1767272949	126.83102417	1.2774887085
-21.2905578613	127.152374268	1.28071975708
-21.3958740234	127.450012207	1.28408336639
-21.5132141113	127.781280518	1.28736209869
-21.6337280273	128.121765137	1.29064559937
-21.7478637695	128.444213867	1.29429244995
-21.9230651855	128.939483643	1.29965114594
-22.0431518555	129.279052734	1.30262565613
-22.1685791016	129.633728027	1.30625152588
-22.286315918	129.96685791	1.3098154068
-22.4046325684	130.301605225	1.31280326843
-22.5229797363	130.636444092	1.31598091125
-22.6417541504	130.972564697	1.31982326508
-22.7545166016	131.291748047	1.32331848145
-22.8873291016	131.667724609	1.3268699646
-23.0126037598	132.022583008	1.33065891266
-23.1414794922	132.387664795	1.33460903168
-23.2722167969	132.757873535	1.33778190613
-23.3942260742	133.103668213	1.34091663361
-23.5488891602	133.541992188	1.34599590302
-23.7573852539	134.13293457	1.35262870789
-23.8946228027	134.522247314	1.35661029816
-24.0278320312	134.900146484	1.3609418869
-24.1711425781	135.306762695	1.36534404755
-24.3223266602	135.735717773	1.36900043488
-24.481628418	136.187652588	1.3734588623
-24.6171264648	136.57220459	1.37798690796
-24.772277832	137.012573242	1.38327598572
-24.9127197266	137.411376953	1.38766860962
-25.0520019531	137.806976318	1.39192008972
-25.1811523438	138.17376709	1.39581108093
-25.3166503906	138.55847168	1.39970397949
-25.4505615234	138.93862915	1.40289306641
-25.6503295898	139.505615234	1.40841579437
-25.7895507812	139.901000977	1.41315937042
-25.9330444336	140.308563232	1.41749286652
-26.1298217773	140.867553711	1.4226140976
-26.2567138672	141.227966309	1.42646217346
-26.4532775879	141.786590576	1.43236637115
-26.5859985352	142.163665771	1.43537330627
-26.7859191895	142.731750488	1.44114780426
-26.9285888672	143.137451172	1.44568824768
-27.0726318359	143.547058105	1.44896507263
-27.2786254883	144.13269043	1.45332336426
-27.4207763672	144.537353516	1.45753097534
-27.5612792969	144.937561035	1.46161079407
-27.7120666504	145.366729736	1.46514129639
-27.8469848633	145.750732422	1.46827316284
-27.9854736328	146.144958496	1.47188949585
-28.2169494629	146.804046631	1.47814846039
-28.3705444336	147.241699219	1.48198986053
-28.5271606445	147.688171387	1.48628520966
-28.6563110352	148.056518555	1.4902009964
-28.7971801758	148.458190918	1.49460792542
-28.9413452148	148.869110107	1.49856185913
-29.080657959	149.266296387	1.50194740295
-29.227722168	149.685791016	1.50561237335
-29.3713378906	150.09576416	1.50945281982
-29.4973144531	150.455200195	1.51285076141
-29.6262207031	150.823120117	1.51640796661
-29.7568664551	151.195922852	1.52016353607
-29.9380493164	151.713256836	1.52506351471
-30.0530700684	152.0418396	1.52794837952
-30.18359375	152.414550781	1.53098964691
-30.3040466309	152.761749268	1.53432655334
-30.4299926758	153.118682861	1.53701686859
-30.6090087891	153.61328125	1.54033660889
-30.7252807617	153.935241699	1.54245090485
-30.8428039551	154.261016846	1.54468250275
-30.9674682617	154.606506348	1.54730796814
-31.0991821289	154.971130371	1.55022907257
-31.2119445801	155.283447266	1.55295085907
-31.330657959	155.6121521	1.55516052246
-31.4518432617	155.947753906	1.55656814575
-31.566986084	156.266571045	1.55870819092
-31.6830444336	156.588012695	1.56165122986
-32.6857299805	159.312561035	1.58485412598
-33.3712768555	161.156311035	1.59753227234
-34.4489135742	164.058959961	1.6212387085
-34.5776367188	164.405944824	1.6237411499
-34.7106933594	164.765045166	1.62523269653
-34.8414916992	165.118652344	1.6270198822
-35.0303955078	165.629638672	1.62980651855
-35.1522827148	165.959320068	1.63068294525
-35.4515991211	166.767974854	1.63387393951
-35.5673217773	167.080383301	1.63598251343
-36.6398925781	169.987426758	1.64760780334
-36.7658081055	170.32925415	1.64775562286
-37.6644287109	172.773040771	1.66400909424
-38.963684082	176.31137085	1.68612003326
-40.0703735352	179.332000732	1.71221160889
-41.4463500977	183.097961426	1.74915122986
-41.5876464844	183.485565186	1.75277709961
-41.7612915039	183.961669922	1.75701999664
-42.7236328125	186.602813721	1.78796005249
-42.8827514648	187.040313721	1.79368114471
-43.1253662109	187.707550049	1.80149364471
-43.2821044922	188.13848877	1.80587768555
-43.4299926758	188.545135498	1.81021308899
-43.6947021484	189.273590088	1.81836891174
-43.8792724609	189.781738281	1.82349681854
-44.0450439453	190.238342285	1.82801151276
-44.2239379883	190.731323242	1.83341693878
-44.4873657227	191.457794189	1.84214115143
-44.6705322266	191.963378906	1.84887695312
-44.8571777344	192.478881836	1.85593605042
-45.0466308594	193.002349854	1.86226463318
-45.6992797852	194.806152344	1.88353538513
-45.8992919922	195.359436035	1.89014911652
-46.0850830078	195.873168945	1.89573478699
-46.2814941406	196.416503906	1.9024066925
-46.4700927734	196.938659668	1.90888309479
-46.6725463867	197.499237061	1.91607475281
-46.8701782227	198.046417236	1.92238712311
-47.07421875	198.610961914	1.92759418488
-47.1841430664	198.915130615	1.93102359772
-47.368347168	199.425018311	1.9375
-48.9398193359	203.779052734	1.98976707458
-49.6279907227	205.686798096	2.01157569885
-50.5959472656	208.372039795	2.042760849
-50.7683105469	208.850616455	2.04858970642
-50.9354248047	209.314453125	2.05415725708
-51.7770385742	211.651702881	2.08355140686
-52.0208129883	212.329559326	2.08960914612
-53.2677612305	215.803009033	2.12745857239
-53.3963623047	216.162231445	2.13097667694
-53.5402832031	216.564208984	2.13451957703
-53.6702270508	216.926635742	2.13688087463
-53.8029174805	217.296813965	2.13913631439
-53.9455566406	217.695007324	2.14315986633
-54.0792236328	218.068756104	2.14799404144
-54.2090454102	218.432037354	2.1525554657
-55.439453125	221.877166748	2.18661212921
-55.5738525391	222.253479004	2.18970108032
-55.7194213867	222.6612854	2.19350910187
-55.8776855469	223.105194092	2.19849777222
-56.0859375	223.689300537	2.20536994934
-56.2225952148	224.072784424	2.20983695984
-56.3621826172	224.464141846	2.21476173401
-56.5023803711	224.856872559	2.22021865845
-56.637878418	225.236877441	2.22615814209
-56.7702026367	225.60824585	2.23182296753
-56.8983764648	225.967651367	2.23645973206
-57.0327758789	226.34475708	2.24035739899
-57.1589355469	226.698852539	2.24398136139
-57.2756958008	227.026306152	2.24775218964
-57.3963623047	227.364562988	2.25187587738
-57.5116577148	227.68536377	2.25638008118
-57.6348876953	228.035949707	2.26064109802
-57.7554321289	228.379516602	2.26466083527
-57.8792114258	228.725860596	2.26912975311
-57.9794921875	229.019683838	2.2713508606
-58.1281738281	229.459747314	2.27557563782
-58.2269287109	229.750427246	2.27909946442
-58.9877929688	232.138061523	2.30458068848
-59.0928955078	232.490692139	2.30871772766
-59.1923828125	232.859375	2.31142807007
-59.2842407227	233.191772461	2.31509971619
-59.4997558594	233.974182129	2.32343292236
-59.5964355469	234.325317383	2.32604980469
-59.6848754883	234.646270752	2.32859134674
-59.7759399414	234.977203369	2.33191013336
-59.8640136719	235.296844482	2.33440876007
-59.9578857422	235.636779785	2.33533382416
-60.0469970703	235.960327148	2.34127902985
-60.1364135742	236.28213501	2.34771156311
-60.2194213867	236.59161377	2.35036563873
-60.293762207	236.890289307	2.35102653503
-60.3745727539	237.204071045	2.35436439514
-60.4503173828	237.499328613	2.35720825195
-60.5520019531	237.89743042	2.36026573181
-60.6275024414	238.192932129	2.36258888245
-60.7033691406	238.490112305	2.36550331116
-61.2022094727	240.452819824	2.38515663147
-61.2842407227	240.776489258	2.38837432861
-61.3618774414	241.076446533	2.39270782471
-61.447265625	241.442901611	2.39476680756
-61.5321655273	241.8046875	2.39738368988
-61.6186523438	242.172973633	2.40116405487
-61.7021484375	242.529968262	2.40381622314
-61.7845458984	242.882019043	2.4064912796
-61.8903808594	243.333374023	2.4100818634
-62.0394897461	243.968017578	2.41430282593
-62.108215332	244.260742188	2.41663265228
-62.1834106445	244.584411621	2.42084121704
-62.2622680664	244.921264648	2.42293357849
-62.3397216797	245.251556396	2.42683410645
-62.4170532227	245.580963135	2.42874526978
-62.6911010742	246.74331665	2.44200897217
-62.8753051758	247.526489258	2.44276428223
-62.9524536133	247.8722229	2.4492893219
-63.3513793945	249.32711792	2.4573431015
-63.4680175781	249.743652344	2.46782493591
-63.6263427734	250.394042969	2.46220874786
-63.7100830078	250.735076904	2.46465778351
-63.8450317383	251.28125	2.46782493591
-63.9994506836	251.904571533	2.47169303894
-64.1160888672	252.371643066	2.47972297668
-64.2059936523	252.726745605	2.4850025177
-64.3026123047	253.113128662	2.48261833191
-64.4474182129	253.704315186	2.48273563385
-64.5270080566	254.027954102	2.48532676697
-64.671081543	254.610992432	2.48905944824
-64.77734375	255.039764404	2.49265003204
-64.8502807617	255.341339111	2.50226402283
-64.979309082	255.816253662	2.50556182861
-65.3332519531	257.177886963	2.50493049622
-65.4185180664	257.514862061	2.51076889038
-65.5215148926	257.848266602	2.50975513458
-65.6212158203	258.188446045	2.51899337769
-65.7292785645	258.520874023	2.52308654785
-65.8297424316	258.835510254	2.52363681793
-65.9325256348	259.158996582	2.52400588989
-66.2521362305	260.162506104	2.52798843384
-66.717010498	261.602966309	2.54686164856
-66.9662780762	262.379699707	2.54861831665
-67.0737609863	262.714599609	2.54981136322
-67.1796569824	263.043884277	2.55266952515
-67.291809082	263.392608643	2.55483055115
-67.3871459961	263.688568115	2.55743789673
-67.4818725586	263.982513428	2.56005001068
-67.5783691406	264.281829834	2.56258106232
-67.6773681641	264.596710205	2.56919670105
-67.7803955078	264.886688232	2.56983852386
-67.9026794434	265.239318848	2.57250404358
-68.0019226074	265.524780273	2.57563400269
-68.1221923828	265.869537354	2.57791900635
-68.2215881348	266.15435791	2.57994651794
-68.345703125	266.509857178	2.58384895325
-68.4621887207	266.843322754	2.58699989319
-68.5825500488	267.187927246	2.59072399139
-68.7293701172	267.607940674	2.59475326538
-68.8524169922	267.959564209	2.59798812866
-68.973815918	268.306671143	2.60156917572
-69.1279296875	268.747039795	2.60587692261
-69.2556762695	269.1121521	2.60875749588
-69.3811950684	269.470703125	2.61289262772
-69.5098266602	269.838348389	2.61610651016
-69.6917419434	270.358398438	2.62098407745
-69.8970031738	270.945007324	2.62710285187
-70.066619873	271.429626465	2.63151073456
-70.1979064941	271.80456543	2.63443088531
-70.3033447266	272.105621338	2.63722372055
-70.5579223633	272.832489014	2.64473438263
-70.6597290039	273.123138428	2.64800405502
-70.7727661133	273.445953369	2.65164232254
-70.8772583008	273.743377686	2.65427446365
-70.977722168	274.029266357	2.65712547302
-71.1176147461	274.4269104	2.65835762024
-71.2221984863	274.72442627	2.66324710846
-71.3265991211	275.022369385	2.66751289368
-71.4292602539	275.315032959	2.66869592667
-71.532989502	275.610473633	2.67161273956
-71.6427612305	275.922576904	2.67200183868
-71.7523498535	276.233581543	2.6691532135
-71.8726196289	276.574188232	2.67034816742
-71.9869995117	276.898406982	2.67131757736
-72.1102294922	277.24710083	2.66784000397
-72.2269897461	277.578155518	2.6681137085
-72.3828430176	278.020629883	2.66658687592
-72.5032348633	278.361541748	2.66383647919
-72.6342468262	278.733459473	2.6696023941
-72.7672729492	279.111724854	2.67763996124
-72.9385681152	279.598754883	2.68134212494
-73.0577392578	279.937347412	2.68369674683
-73.1799316406	280.284393311	2.68820047379
-73.2869873047	280.588409424	2.68997144699
-73.3953552246	280.896179199	2.69228649139
-73.4973144531	281.186065674	2.6953086853
-73.7338256836	281.858428955	2.70185470581
-74.1672363281	283.090789795	2.7134513855
-74.2733154297	283.392181396	2.71607160568
-74.3983154297	283.747589111	2.71896076202
-74.5163574219	284.083526611	2.72207164764
-74.6368408203	284.426055908	2.7241859436
-74.7548828125	284.761627197	2.72774362564
-74.873626709	285.09954834	2.73192739487
-74.9929504395	285.438964844	2.73521327972
-75.114074707	285.783355713	2.73837518692
-75.2353515625	286.128387451	2.74147987366
-75.3437805176	286.437072754	2.74377918243
-75.4924926758	286.860076904	2.74701166153
-75.9109802246	288.051269531	2.75932121277
-76.0299072266	288.389984131	2.76238155365
-76.2368774414	288.97958374	2.76786994934
-76.3598632812	289.329803467	2.77134275436
-76.8826904297	290.818206787	2.78694963455
-77.7051391602	293.162261963	2.81003808975
-78.367980957	295.053131104	2.82964897156
-78.6613464355	295.889709473	2.8374004364
-78.8686828613	296.481994629	2.84347820282
-79.2549438477	297.596954346	2.85492134094
-79.557434082	298.502593994	2.86983585358
-79.7466430664	299.114837646	2.87728309631
-79.8529052734	299.5128479	2.87678670883
-79.9403381348	299.843322754	2.87713718414
-80.0404968262	300.216674805	2.87672901154
-80.1203918457	300.506896973	2.88186264038
-80.2043151855	300.864135742	2.8794054985
-80.3741760254	301.529296875	2.89522361755
-80.5155334473	302.191345215	2.92263793945
-80.581237793	302.520263672	2.92698001862
-80.6742553711	303.064758301	2.93119478226
-80.7230224609	303.413391113	2.93137168884
-80.7720336914	303.796783447	2.93450737
-80.8051147461	304.13092041	2.93662834167
-80.8293762207	304.43270874	2.93911266327
-80.8475646973	304.735717773	2.94159936905
-80.8573608398	305.059844971	2.9428730011
-80.8657226562	305.391235352	2.94648933411
-80.8671569824	305.713562012	2.9528002739
-80.8568115234	306.057861328	2.95855045319
-80.8412475586	306.367279053	2.96922445297
-80.8239440918	306.684631348	2.97977161407
-80.8081665039	306.991577148	2.99061870575
-80.7812805176	307.314453125	2.99610519409
-80.7504272461	307.627227783	3.00327348709
-80.7122192383	307.927124023	3.0099401474
-80.667388916	308.241851807	3.01780080795
-80.6206665039	308.56048584	3.02454566956
-80.5771484375	308.87902832	3.03125667572
-80.512512207	309.219604492	3.03256845474
-80.43359375	309.544250488	3.03644895554
-80.359588623	309.836486816	3.0451593399
-80.2771911621	310.126739502	3.05310344696
-80.188293457	310.426025391	3.06022930145
-80.0885009766	310.721557617	3.06257963181
-79.9850463867	311.003479004	3.06377887726
-79.8619384766	311.29888916	3.06609392166
-79.7249145508	311.618103027	3.0756778717
-79.5944824219	311.914093018	3.08592796326
-79.4580078125	312.18347168	3.08662700653
-79.3220214844	312.462158203	3.09410762787
-79.1800231934	312.735107422	3.10025405884
-79.0313110352	312.99822998	3.11248064041
-78.8826599121	313.273498535	3.13051128387
-78.7241821289	313.537811279	3.14485168457
-78.5504150391	313.811401367	3.16609144211
-78.3707275391	314.087402344	3.18126487732
-78.1972961426	314.333496094	3.19840669632
-78.0211181641	314.588592529	3.21617031097
-77.8477172852	314.834228516	3.22032594681
-77.6666870117	315.087615967	3.2125878334
-77.447265625	315.366424561	3.18365240097
-77.228515625	315.61831665	3.21392059326
-77.0263061523	315.847686768	3.23773813248
-76.8173217773	316.074310303	3.25885677338
-76.6140136719	316.297576904	3.28161525726
-76.4034118652	316.519592285	3.30039596558
-76.1911621094	316.740600586	3.32558584213
-75.9711914062	316.959289551	3.33548069
-75.7457580566	317.168304443	3.33768415451
-75.5159912109	317.383239746	3.33633422852
-75.2883911133	317.594055176	3.33392429352
-75.0640258789	317.796691895	3.33063030243
-74.8351135254	317.99899292	3.32851982117
-74.6036071777	318.1980896	3.32569646835
-74.2967224121	318.444610596	3.31076145172
-74.0516662598	318.627746582	3.30029392242
-73.7868652344	318.820251465	3.29339838028
-73.5326843262	318.990783691	3.28941297531
-73.2649841309	319.170227051	3.293800354
-72.998840332	319.336547852	3.30618667603
-72.7224121094	319.504943848	3.3210401535
-72.4560241699	319.662872314	3.33195590973
-72.1757202148	319.818847656	3.33982992172
-71.9088745117	319.958831787	3.34324598312
-71.6167602539	320.104644775	3.34647655487
-71.3150634766	320.244628906	3.35981369019
-71.0358276367	320.372039795	3.3711810112
-70.7534484863	320.485565186	3.3801445961
-70.4409790039	320.593200684	3.38746213913
-70.1400146484	320.693847656	3.39254570007
-69.8081359863	320.797302246	3.39312791824
-69.5075073242	320.887573242	3.39387798309
-69.2144165039	320.973144531	3.39602136612
-68.9147644043	321.047119141	3.39702701569
-68.5835571289	321.132904053	3.40267658234
-68.2688293457	321.215270996	3.40921974182
-67.9142456055	321.308074951	3.41290092468
-67.6212768555	321.384246826	3.41836833954
-67.3245849609	321.460113525	3.42553043365
-67.0090637207	321.516967773	3.43237304688
-66.6910705566	321.580688477	3.44037294388
-66.3681640625	321.635986328	3.4472951889
-66.0554504395	321.684265137	3.45444059372
-65.7416381836	321.718078613	3.4589471817
-65.4351196289	321.750427246	3.46723031998
-65.128692627	321.777282715	3.47511291504
-64.8177490234	321.79901123	3.47725820541
-64.5160827637	321.816192627	3.47922134399
-64.2092590332	321.834899902	3.48325490952
-63.8951721191	321.847259521	3.48485565186
-63.5827026367	321.858459473	3.4872469902
-63.2760314941	321.868713379	3.48914527893
-62.9742736816	321.877380371	3.4914188385
-62.6502075195	321.886901855	3.49409389496
-62.3177185059	321.896972656	3.49725437164
-61.9932861328	321.907073975	3.49903392792
-61.6903686523	321.916503906	3.50297737122
-61.3370056152	321.927612305	3.50580787659
-61.0123291016	321.937957764	3.50745820999
-60.7085571289	321.947692871	3.51091384888
-60.3174438477	321.960205078	3.51433753967
-59.9828186035	321.970977783	3.51624679565
-59.1565551758	321.985717773	3.52340555191
-58.7890625	321.988769531	3.52669525146
-58.4876708984	321.990783691	3.52865171432
-58.1368408203	321.993225098	3.531437397
-57.7995605469	321.996002197	3.53318119049
-57.4898681641	321.998474121	3.53585195541
-57.1464233398	322.001251221	3.53602790833
-56.839630127	322.003723145	3.5376663208
-56.5321960449	322.006164551	3.54314517975
-56.2236328125	322.008850098	3.54637765884
-55.8852844238	322.011932373	3.54654598236
-55.5312805176	322.015167236	3.54787349701
-55.2147521973	322.018310547	3.549700737
-54.8778991699	322.021972656	3.55128765106
-54.5355834961	322.025848389	3.5536775589
-54.1054077148	322.030273438	3.55841255188
-53.7142028809	322.033874512	3.557305336
-51.650604248	322.055938721	3.56612253189
-51.2633972168	322.060394287	3.56648111343
-50.9415588379	322.063537598	3.56739521027
-50.5676879883	322.06552124	3.57089138031
-50.1321105957	322.07989502	3.57043552399
-49.8219299316	322.08795166	3.57215595245
-49.4201049805	322.0987854	3.57540369034
-49.0133666992	322.110473633	3.57651424408
-48.6971130371	322.119537354	3.57777261734
-48.2885742188	322.130859375	3.57822704315
-47.0186462402	322.173339844	3.58702278137
-46.6251831055	322.189331055	3.59001350403
-46.3249511719	322.202880859	3.5919713974
-45.9455566406	322.220458984	3.59340000153
-45.5534973145	322.238525391	3.59557723999
-45.1466674805	322.256835938	3.59911298752
-44.724609375	322.275695801	3.59842443466
-44.4177856445	322.28894043	3.599132061
-44.0415649414	322.304138184	3.59881353378
-42.3115234375	322.401000977	3.61259746552
-41.9798583984	322.419250488	3.61662435532
-41.6778869629	322.444702148	3.61592006683
-41.3766784668	322.466552734	3.61190605164
-41.0739440918	322.48815918	3.60980129242
-40.6858825684	322.519989014	3.61364269257
-40.3776855469	322.552062988	3.61392259598
-40.0684814453	322.581604004	3.61704063416
-39.7586669922	322.611694336	3.61966276169
-39.3649597168	322.65020752	3.62597942352
-38.9955444336	322.686065674	3.6319732666
-38.6834716797	322.712341309	3.64100265503
-38.3856506348	322.755584717	3.64295291901
-37.9974060059	322.805999756	3.65264463425
-36.7644958496	322.968780518	3.67057132721
-36.2305603027	323.039642334	3.67921113968
-35.8639526367	323.084991455	3.68602991104
-35.5456542969	323.135284424	3.69239234924
-35.2057800293	323.201293945	3.69849967957
-34.860534668	323.263977051	3.70746421814
-34.5260009766	323.326202393	3.71363830566
-34.177520752	323.39251709	3.722219944
-33.8141479492	323.460693359	3.73531579971
-33.4521484375	323.526641846	3.73540401459
-33.0941772461	323.591888428	3.73610496521
-32.7453918457	323.656555176	3.74634647369
-32.357635498	323.72833252	3.75555992126
-32.0479125977	323.785644531	3.76262807846
-31.6495666504	323.860839844	3.77179813385
-30.0037841797	324.155303955	3.78058385849
-29.7020263672	324.198974609	3.78242397308
-29.3807067871	324.233581543	3.78152751923
-29.0718383789	324.270629883	3.78389120102
-27.78515625	324.421783447	3.78982114792
-26.6610107422	324.557037354	3.79681682587
-25.3295593262	324.668273926	3.80154323578
-25.0271606445	324.692352295	3.80350923538
-24.2111816406	324.757873535	3.8081817627
-23.006652832	324.849365234	3.81441879272
-21.9237060547	324.915008545	3.82504463196
-20.8819274902	324.944458008	3.83546638489
-20.5562438965	324.953857422	3.83931064606
-20.191986084	324.964355469	3.84434223175
-19.8879699707	324.973266602	3.84864330292
-19.5804138184	324.98236084	3.85349464417
-19.2710876465	324.991790771	3.85694932938
-18.9197692871	325.002471924	3.86053466797
-18.5701904297	325.013458252	3.86538362503
-18.243560791	325.023773193	3.86943483353
-17.9077148438	325.035003662	3.87555837631
-17.5842590332	325.039733887	3.87941980362
-17.2155456543	325.046142578	3.88494491577
-16.8710021973	325.051544189	3.88922548294
-16.532043457	325.056854248	3.89353656769
-16.2041625977	325.062072754	3.89695072174
-15.858795166	325.067718506	3.90095996857
-15.5250244141	325.073364258	3.90577125549
-15.1670532227	325.079498291	3.91003322601
-14.7896728516	325.085754395	3.91514778137
-14.4257507324	325.091918945	3.92021560669
-14.1028137207	325.097473145	3.92415857315
-13.7106628418	325.10446167	3.92942047119
-13.3027648926	325.111877441	3.93319511414
-12.9683532715	325.117950439	3.93930959702
-12.5761413574	325.125091553	3.94541835785
-12.1428222656	325.132995605	3.94839382172
-11.7880859375	325.139343262	3.95579147339
-11.4058227539	325.146179199	3.95955371857
-11.033996582	325.152923584	3.96253395081
-10.6603393555	325.159912109	3.97108364105
-10.297668457	325.166748047	3.97609519958
-9.96737670898	325.174377441	3.98166847229
-9.6452331543	325.17175293	3.98337984085
-9.32434082031	325.172454834	3.98767280579
-9.01620483398	325.172851562	3.99250507355
-8.70712280273	325.172973633	3.99683952332
-8.39688110352	325.17288208	4.00117683411
-7.96646118164	325.172180176	4.00825023651
-7.63394165039	325.176696777	4.0104932785
-7.25366210938	325.180175781	4.01572322845
-6.92965698242	325.183319092	4.0194940567
-6.60305786133	325.186187744	4.02257108688
-6.27584838867	325.189239502	4.0262169838
-5.96276855469	325.192169189	4.02908086777
-5.66198730469	325.194671631	4.03207015991
-5.15621948242	325.198608398	4.03662633896
-4.82473754883	325.201202393	4.03877782822
-4.49649047852	325.203979492	4.04084062576
-4.18646240234	325.206604004	4.04356956482
-3.81451416016	325.209228516	4.04774475098
-3.48440551758	325.211639404	4.05282402039
-3.1477355957	325.214355469	4.0577545166
-2.76617431641	325.21697998	4.06177902222
-2.45193481445	325.21875	4.06502723694
-2.10015869141	325.220672607	4.0684223175
-1.76751708984	325.22265625	4.07086896896
-1.38714599609	325.225799561	4.07363605499
-1.052734375	325.227996826	4.07697105408
-0.688537597656	325.230163574	4.08185720444
-0.371002197266	325.232391357	4.08601760864
-0.0209655761719	325.234710693	4.09133815765
0.286926269531	325.236480713	4.09338092804
0.595489501953	325.238250732	4.09697914124
0.896057128906	325.239929199	4.10040521622
1.27764892578	325.242706299	4.10455560684
1.59463500977	325.244934082	4.11123895645
1.92175292969	325.247192383	4.11513137817
2.31936645508	325.249938965	4.12325334549
2.81103515625	325.253417969	4.13013887405
3.11535644531	325.255645752	4.13482475281
3.49588012695	325.258178711	4.14262485504
3.81945800781	325.260345459	4.14770936966
4.23294067383	325.263122559	4.15411233902
4.6484375	325.265899658	4.16102361679
5.06771850586	325.268798828	4.16727209091
5.38558959961	325.270996094	4.17185783386
5.74847412109	325.2734375	4.17890071869
6.06283569336	325.275604248	4.18450021744
6.52777099609	325.278839111	4.18994140625
6.86279296875	325.281219482	4.19506168365
7.17141723633	325.283325195	4.20245981216
8.24047851562	325.291442871	4.22025632858
10.5815734863	325.309082031	4.25706863403
10.8937988281	325.311584473	4.26472234726
11.3003540039	325.314666748	4.2759718895
11.6483154297	325.317321777	4.27825689316
11.9621276855	325.319854736	4.28335571289
12.3480834961	325.322814941	4.29511785507
12.7623291016	325.325897217	4.30115032196
13.166229248	325.329101562	4.30756759644
13.5083007812	325.331848145	4.31253194809
13.8800048828	325.334869385	4.31923723221
14.2156066895	325.337493896	4.32967376709
14.5478515625	325.339996338	4.33617734909
15.3045043945	325.346038818	4.34902000427
15.742767334	325.349365234	4.35667085648
16.0582580566	325.351898193	4.36076021194
16.5297851562	325.355712891	4.36847543716
16.8939208984	325.358612061	4.37904596329
17.9613952637	325.366760254	4.39785480499
18.9903564453	325.374328613	4.41574954987
19.3327941895	325.376678467	4.42163801193
19.6501464844	325.378967285	4.42698383331
20.5563354492	325.38494873	4.44272041321
25.4105834961	325.366119385	4.53807115555
30.5863037109	325.282104492	4.66148424149
31.9420166016	325.262939453	4.69617843628
36.3353271484	325.273681641	4.81744241714
37.3076171875	325.281066895	4.84244155884
38.3514709473	325.28805542	4.87330579758
38.8435974121	325.292419434	4.88245868683
39.147277832	325.294586182	4.88749456406
39.6794891357	325.298461914	4.89666986465
40.0239257812	325.30090332	4.9030623436
40.372756958	325.303436279	4.90776252747
40.9854736328	325.308135986	4.91952323914
41.5292663574	325.312713623	4.93119716644
42.077911377	325.316894531	4.94794225693
42.633605957	325.320983887	4.95917081833
43.2108459473	325.324920654	4.97811317444
43.8084411621	325.329101562	4.99192047119
44.4557495117	325.333496094	5.00975608826
44.8049621582	325.3359375	5.01908779144
45.3373260498	325.339813232	5.02961969376
46.1411437988	325.345397949	5.05290222168
47.0578613281	325.351654053	5.07846927643
47.5107727051	325.354949951	5.08755493164
58.8092041016	325.426208496	5.38045978546
59.1471862793	325.428649902	5.38910102844
59.6750335693	325.432373047	5.40067148209
61.0072937012	325.442016602	5.43492031097
61.3475341797	325.444274902	5.44371747971
62.1676330566	325.454193115	5.46351909637
63.0671691895	325.46786499	5.48503017426
63.9880981445	325.482116699	5.50850486755
66.3331604004	325.515899658	5.56583499908
66.6466064453	325.52041626	5.57496976852
66.9505157471	325.524719238	5.58392429352
67.7535400391	325.535095215	5.60398435593
68.3015899658	325.542510986	5.61887550354
68.6406860352	325.547271729	5.6278295517
68.9713134766	325.552062988	5.6370973587
69.4091339111	325.558380127	5.64834928513
69.7962341309	325.564025879	5.65888214111
71.4378662109	325.589050293	5.7030711174
72.8117980957	325.610626221	5.74001407623
73.3057861328	325.618469238	5.75347232819
73.6388549805	325.623687744	5.76244020462
73.9462127686	325.628417969	5.77073001862
74.2612304688	325.634155273	5.78021812439
74.6006469727	325.633758545	5.78732013702
74.9226379395	325.634521484	5.7960395813
75.7557525635	325.634338379	5.81624794006
76.0951843262	325.634002686	5.82472419739
76.3991394043	325.63394165	5.83225393295
76.7566223145	325.63394165	5.84133672714
77.1026153564	325.634033203	5.85077381134
77.4097290039	325.634368896	5.85869312286
77.7232208252	325.634490967	5.86574649811
78.1238250732	325.63470459	5.87647438049
78.4840393066	325.635070801	5.88504886627
78.9829864502	325.634918213	5.89701366425
79.544921875	325.634643555	5.9099650383
80.1735076904	325.634674072	5.92314624786
80.6976928711	325.633911133	5.93528938293
81.8768463135	325.632110596	5.96265554428
82.4690093994	325.631011963	5.97539234161
83.6121520996	325.628509521	6.00156211853
84.6491241455	325.626556396	6.02597045898
85.0576782227	325.625915527	6.03437995911
85.8499755859	325.625	6.05390501022
86.5648803711	325.624237061	6.07155704498
87.1937561035	325.623657227	6.088139534
87.8250427246	325.62286377	6.10384082794
88.234664917	325.622253418	6.11400365829
88.8618164062	325.621307373	6.12908363342
89.1826782227	325.619018555	6.13859653473
89.5780029297	325.623016357	6.14631748199
89.9672698975	325.625305176	6.15629911423
90.3674621582	325.627990723	6.16654539108
90.8140411377	325.630645752	6.17854118347
91.1283874512	325.632415771	6.18636512756
91.7258605957	325.636108398	6.20357751846
92.0660858154	325.638092041	6.21255207062
92.7849273682	325.642700195	6.23298835754
93.1846923828	325.645324707	6.24435377121
93.587677002	325.647918701	6.25619888306
94.1056976318	325.6512146	6.27107048035
94.6721038818	325.654724121	6.28736877441
95.3842315674	325.659362793	6.30816459656
96.0687866211	325.663848877	6.32786273956
96.9244995117	325.669616699	6.35249710083
97.6501464844	325.674621582	6.37316322327
98.404876709	325.679931641	6.39527511597
99.1805725098	325.685699463	6.41650676727
100.007904053	325.691772461	6.43925762177
100.776229858	325.697753906	6.4620347023
101.575500488	325.703674316	6.48731851578
101.909393311	325.706329346	6.49697113037
102.309127808	325.709655762	6.50575828552
102.641906738	325.712341309	6.5159573555
103.056945801	325.715576172	6.52808952332
103.441879272	325.718688965	6.53711414337
103.777313232	325.721374512	6.54652357101
104.175964355	325.724487305	6.55634307861
104.481903076	325.727020264	6.56485176086
104.838180542	325.729919434	6.57450962067
105.169586182	325.732543945	6.58314561844
105.489944458	325.735137939	6.59151554108
105.813613892	325.737792969	6.60021400452
106.144485474	325.740539551	6.60898113251
106.478515625	325.743377686	6.61780738831
106.807693481	325.746154785	6.62691068649
107.124053955	325.748840332	6.63425159454
107.509307861	325.752197266	6.64341163635
107.826202393	325.754852295	6.64981174469
108.150222778	325.757598877	6.65729761124
108.551116943	325.761230469	6.66425609589
108.877868652	325.764221191	6.67346477509
109.215103149	325.767150879	6.68186378479
109.598480225	325.770568848	6.69076538086
109.946929932	325.773590088	6.69734525681
110.436630249	325.777801514	6.71153783798
110.768371582	325.780517578	6.72035217285
111.175064087	325.783874512	6.72958564758
111.627990723	325.787628174	6.74074983597
111.94052124	325.790222168	6.74847888947
112.267913818	325.792999268	6.75629472733
112.58505249	325.79574585	6.76320266724
112.898422241	325.798400879	6.76955080032
113.220657349	325.801116943	6.77833366394
113.596694946	325.804229736	6.78642606735
113.915313721	325.806854248	6.79430437088
114.24597168	325.809692383	6.80190515518
114.639862061	325.813079834	6.8123383522
114.958404541	325.815795898	6.82222080231
115.299804688	325.818969727	6.82916402817
115.713302612	325.822601318	6.84212350845
116.064422607	325.825531006	6.85447978973
116.403213501	325.828735352	6.86411809921
116.720611572	325.830596924	6.87426137924
117.028045654	325.825469971	6.88070964813
117.596221924	325.820800781	6.89713335037
118.547943115	325.809173584	6.92655467987
119.292785645	325.814758301	6.94531726837
119.862548828	325.817352295	6.96152019501
120.552474976	325.820587158	6.98091125488
120.888824463	325.82220459	6.99018573761
121.196258545	325.823913574	6.99841117859
121.550079346	325.825866699	7.0074338913
121.911437988	325.827819824	7.01511383057
122.218353271	325.829101562	7.02391147614
122.53894043	325.830596924	7.03110694885
122.916137695	325.832214355	7.04242229462
123.22744751	325.833587646	7.04991960526
123.635406494	325.835327148	7.06084728241
123.98487854	325.837036133	7.06984806061
124.34967041	325.83883667	7.08145332336
124.731231689	325.840698242	7.08887624741
125.04750061	325.842224121	7.09739780426
125.427352905	325.844055176	7.10531425476
125.766372681	325.845458984	7.11448574066
126.105743408	325.846984863	7.12120389938
126.523788452	325.848754883	7.13252878189
126.864181519	325.850189209	7.14000177383
127.211761475	325.851928711	7.14747714996
127.631607056	325.853881836	7.16024112701
127.994277954	325.855529785	7.16925764084
128.368392944	325.856933594	7.18085289001
128.737609863	325.858428955	7.18753242493
129.114471436	325.859893799	7.19906139374
129.490310669	325.861297607	7.20754241943
129.89239502	325.863006592	7.21564006805
130.290481567	325.864471436	7.23041772842
130.681854248	325.86605835	7.23801612854
131.083404541	325.867492676	7.25089979172
131.4662323	325.868927002	7.26053905487
131.890914917	325.870574951	7.27201318741
132.327590942	325.872314453	7.28418064117
132.743759155	325.873931885	7.29553508759
133.155273438	325.875305176	7.31055927277
133.556213379	325.876800537	7.31867313385
133.899047852	325.87802124	7.32927751541
134.32774353	325.879699707	7.34091186523
134.789825439	325.881439209	7.35282897949
135.244293213	325.883178711	7.36757707596
135.712036133	325.885223389	7.37663555145
136.192474365	325.887145996	7.388879776
136.574066162	325.88848877	7.40142154694
136.95854187	325.890197754	7.4089140892
137.286148071	325.891662598	7.41687297821
137.591674805	325.892822266	7.42721843719
138.057800293	325.894500732	7.44204282761
138.530334473	325.896759033	7.44983673096
138.928253174	325.898529053	7.45965337753
139.235076904	325.899719238	7.46989011765
139.610321045	325.901153564	7.47985935211
140.00831604	325.903015137	7.48668384552
140.396820068	325.904602051	7.49768924713
140.884643555	325.906402588	7.51442193985
141.187820435	325.907653809	7.52140522003
141.493148804	325.9090271	7.52735614777
141.900665283	325.910644531	7.53755760193
142.212097168	325.911621094	7.54660463333
142.51751709	325.912628174	7.55427837372
142.847045898	325.913879395	7.56262016296
143.193756104	325.915252686	7.57240915298
145.735198975	325.922027588	7.63641929626
146.159088135	325.923156738	7.64612531662
146.468109131	325.92376709	7.65372371674
146.840591431	325.924377441	7.66224145889
147.2137146	325.925292969	7.67021846771
147.596374512	325.926177979	7.67970275879
147.932312012	325.926757812	7.68918800354
148.416534424	325.927337646	7.7040886879
148.890670776	325.928009033	7.71299934387
149.342834473	325.92868042	7.72131729126
150.687255859	325.929931641	7.75726079941
151.425369263	325.930297852	7.77409744263
151.74005127	325.930999756	7.77892208099
152.06729126	325.931762695	7.78611707687
154.794219971	325.936828613	7.86248683929
155.113830566	325.937957764	7.87143707275
155.429000854	325.938903809	7.88173866272
155.745101929	325.940063477	7.89387226105
158.51348877	325.950927734	7.99221801758
158.869674683	325.953063965	8.00516891479
159.221511841	325.954803467	8.01761436462
159.562744141	325.956054688	8.02813053131
160.005218506	325.957702637	8.0426902771
160.331085205	325.959197998	8.05373668671
160.65802002	325.96081543	8.06397819519
161.000518799	325.962402344	8.07668590546
161.375061035	325.964447021	8.08968925476
161.872253418	325.966461182	8.10425567627
162.227966309	325.967651367	8.11383628845
162.579971313	325.96862793	8.12280368805
162.933319092	325.969390869	8.13159275055
163.297836304	325.969940186	8.14036846161
163.761245728	325.970916748	8.14857387543
164.115325928	325.971740723	8.15397167206
164.483581543	325.972564697	8.16298675537
164.853500366	325.973602295	8.1732378006
165.317169189	325.97479248	8.18401241302
165.665786743	325.975158691	8.19280147552
166.1015625	325.975128174	8.20382118225
166.450286865	325.975097656	8.21236038208
166.793960571	325.975250244	8.21957302094
167.204345703	325.975860596	8.22937965393
167.58404541	325.97668457	8.240026474
167.975860596	325.977111816	8.2486333847
168.496139526	325.976928711	8.26075935364
168.875	325.976470947	8.27115821838
169.377914429	325.97567749	8.2850189209
169.746520996	325.975280762	8.29634571075
170.111038208	325.974975586	8.30766868591
170.620101929	325.974304199	8.32189655304
170.981140137	325.973876953	8.33049106598
171.371643066	325.973632812	8.33878135681
171.776824951	325.973266602	8.34865188599
172.180664062	325.972747803	8.3601770401
172.598602295	325.972045898	8.37244510651
173.1537323	325.970825195	8.38841152191
173.552474976	325.970092773	8.39939022064
173.947113037	325.969360352	8.41020870209
177.40196228	325.961608887	8.50154685974
177.798355103	325.960510254	8.51253986359
178.216705322	325.95904541	8.52396678925
178.597595215	325.957763672	8.53441810608
178.966903687	325.956726074	8.54448127747
179.465866089	325.955474854	8.55797100067
179.833969116	325.954406738	8.56776714325
181.835998535	325.947692871	8.62015342712
183.550918579	325.940856934	8.67123317719
184.857192993	325.935180664	8.70747756958
187.431167603	325.923187256	8.7789440155
189.323226929	325.914733887	8.82504081726
192.407470703	325.921051025	8.90254592896
194.64302063	325.94833374	8.95150566101
195.032226562	325.952636719	8.96452331543
196.266372681	325.965911865	9.00238609314
198.00302124	325.983856201	9.04521465302
198.380142212	325.987792969	9.0532245636
198.743057251	325.991455078	9.06290054321
199.109939575	325.995025635	9.07361507416
199.481155396	325.998657227	9.08397579193
199.8359375	326.002075195	9.09369182587
200.236663818	326.005737305	9.10395050049
200.69708252	326.010040283	9.11424255371
204.112884521	326.039367676	9.20714855194
214.587631226	326.096282959	9.45974636078
216.931488037	326.105926514	9.50133991241
217.604263306	326.10836792	9.51662635803
217.946456909	326.109405518	9.52700138092
218.646774292	326.111633301	9.54923152924
219.346176147	326.113830566	9.56993103027
219.869857788	326.11529541	9.58233833313
220.610107422	326.116638184	9.59617233276
221.512298584	326.118621826	9.62054252625
222.783096313	326.122192383	9.65734863281
224.587310791	326.121276855	9.70438575745
226.860198975	326.120391846	9.75693893433
228.667755127	326.116455078	9.79014778137
230.984283447	326.107574463	9.82010936737
232.517456055	326.09866333	9.85202121735
232.950073242	326.097412109	9.86020469666
233.447662354	326.096008301	9.86921215057
233.776031494	326.095458984	9.87472343445
234.11730957	326.095367432	9.88133716583
234.420837402	326.095336914	9.88831329346
234.824127197	326.094909668	9.89689254761
235.128479004	326.094085693	9.90257358551
235.611785889	326.092285156	9.91351509094
236.049285889	326.090576172	9.9235458374
236.435913086	326.089538574	9.9342250824
236.755828857	326.089477539	9.94649887085
237.116027832	326.089691162	9.96051597595
237.487335205	326.089477539	9.97698879242
237.930999756	326.088256836	9.99099159241
238.36932373	326.087188721	9.99765968323
238.702941895	326.084838867	10.0065135956
239.113647461	326.092163086	10.0159845352
239.444274902	326.09664917	10.025188446
239.844512939	326.102355957	10.0382471085
240.296875	326.109130859	10.0514354706
240.687866211	326.114349365	10.0656719208
241.131744385	326.120330811	10.0792446136
241.522521973	326.127227783	10.0914392471
241.90222168	326.133850098	10.1026058197
242.3074646	326.140991211	10.1107788086
242.700408936	326.147583008	10.1261997223
243.100830078	326.153656006	10.1395435333
243.452362061	326.15927124	10.1498622894
243.892181396	326.166046143	10.1723661423
244.242645264	326.172821045	10.1813583374
244.706298828	326.182312012	10.1932449341
245.072570801	326.18963623	10.2092638016
245.494354248	326.197631836	10.2142887115
245.837524414	326.204162598	10.2226934433
246.267059326	326.212280273	10.2359409332
246.682800293	326.220245361	10.2447624207
247.002532959	326.226501465	10.2556362152
247.459289551	326.235412598	10.2606048584
247.901123047	326.244049072	10.2698783875
248.296234131	326.251525879	10.2823953629
248.756088257	326.260314941	10.2901163101
249.149902344	326.267852783	10.2997379303
249.603485107	326.276184082	10.312251091
250.00112915	326.283630371	10.3194332123
250.457687378	326.29196167	10.3333835602
250.826660156	326.298431396	10.3384485245
251.129425049	326.30380249	10.3442363739
251.442352295	326.30947876	10.3519306183
251.75630188	326.315368652	10.359992981
252.069366455	326.320861816	10.3683204651
252.385009766	326.326141357	10.3773069382
252.721450806	326.332061768	10.3839492798
253.119415283	326.339111328	10.390332222
253.589706421	326.347381592	10.3960189819
254.010177612	326.354644775	10.402545929
254.32522583	326.360076904	10.4068202972
254.631759644	326.365234375	10.4130449295
255.516143799	326.380493164	10.4309692383
257.168457031	326.410919189	10.4761762619
258.836303711	326.438934326	10.5138196945
259.164398193	326.438354492	10.5198726654
259.599334717	326.438232422	10.5258607864
259.965270996	326.437988281	10.5312719345
260.529418945	326.439147949	10.5440292358
260.849914551	326.438781738	10.549077034
261.223754883	326.438049316	10.553229332
261.539428711	326.437530518	10.5525045395
262.11227417	326.435241699	10.5588874817
263.90512085	326.428466797	10.5605669022
264.637023926	326.425384521	10.5709934235
265.15032959	326.423126221	10.5799026489
266.809204102	326.417144775	10.6038742065
267.115692139	326.415710449	10.6111936569
267.473724365	326.4140625	10.6172599792
267.782775879	326.412902832	10.6187171936
268.281524658	326.411102295	10.6240310669
271.003082275	326.402038574	10.6494722366
271.317077637	326.400939941	10.651509285
271.733337402	326.399688721	10.654624939
272.050933838	326.398620605	10.6578207016
272.381622314	326.397277832	10.6611671448
272.744689941	326.395782471	10.6660547256
273.072357178	326.394348145	10.6713199615
273.420196533	326.392791748	10.6736545563
273.825592041	326.391204834	10.6756830215
279.480285645	326.361999512	10.815820694
279.792816162	326.359558105	10.8076076508
280.128143311	326.357543945	10.7985153198
280.452423096	326.356231689	10.7928524017
280.924499512	326.354675293	10.797129631
281.225189209	326.353668213	10.8008546829
281.573120117	326.351959229	10.8006563187
281.892211914	326.350097656	10.7977676392
282.206237793	326.348205566	10.7941331863
284.170440674	326.336212158	10.7770385742
286.511627197	326.324279785	10.7568893433
286.9480896	326.321960449	10.7539596558
292.786804199	326.290100098	10.7973480225
294.027648926	326.280029297	10.7990951538
297.929382324	326.281738281	10.7919015884
298.307861328	326.282714844	10.7881698608
298.754882812	326.283782959	10.7835597992
299.186767578	326.284667969	10.7812461853
299.61126709	326.285308838	10.7783918381
300.031951904	326.286376953	10.7724628448
301.624145508	326.291320801	10.7579021454
301.93081665	326.296936035	10.7539405823
302.68371582	326.305969238	10.7507133484
303.049865723	326.310546875	10.7479095459
303.656921387	326.318817139	10.7459554672
304.519622803	326.330078125	10.7383413315
305.176361084	326.338500977	10.7371101379
305.993774414	326.348693848	10.7329969406
306.709106445	326.357513428	10.7284049988
307.15713501	326.363128662	10.7212581635
307.694335938	326.369628906	10.7198219299
308.04776001	326.373596191	10.7198867798
308.383514404	326.377319336	10.715010643
308.782897949	326.381744385	10.7125844955
309.093688965	326.385223389	10.7109556198
309.409973145	326.388458252	10.7078971863
309.809875488	326.392333984	10.7051315308
310.187805176	326.395904541	10.7026100159
310.557128906	326.399108887	10.700009346
310.864318848	326.401489258	10.6975135803
311.164855957	326.404968262	10.6930398941
311.498413086	326.408996582	10.6893615723
311.835876465	326.412780762	10.6903514862
312.226043701	326.416473389	10.6928863525
312.61239624	326.42010498	10.6897239685
312.935211182	326.423217773	10.688123703
313.800842285	326.429901123	10.6774253845
321.221191406	326.507568359	10.5221786499
331.734680176	326.589019775	10.2912931442
332.121459961	326.591796875	10.2817058563
332.497314453	326.594360352	10.2717514038
335.805419922	326.615783691	10.2010393143
336.19152832	326.618133545	10.1918182373
336.566162109	326.620483398	10.1816949844
338.076843262	326.630249023	10.1399250031
339.359313965	326.63885498	10.103978157
343.814208984	326.667175293	10.0065031052
344.172729492	326.669494629	9.99496555328
344.63104248	326.672210693	9.98069095612
344.984558105	326.674163818	9.97151947021
345.350891113	326.676330566	9.96322822571
345.733093262	326.678100586	9.95519351959
346.247375488	326.679412842	9.94384860992
346.636474609	326.680358887	9.93532752991
347.229492188	326.682739258	9.92291641235
348.032897949	326.685119629	9.90205097198
349.641296387	326.68560791	9.87476348877
349.991943359	326.685241699	9.87291526794
350.319091797	326.684814453	9.86812400818
350.651184082	326.684448242	9.86077022552
351.068664551	326.684844971	9.84875869751
351.389282227	326.68548584	9.84044456482
351.695922852	326.686187744	9.83540153503
352.103820801	326.687011719	9.829413414
353.825927734	326.688720703	9.79556560516
354.555786133	326.693481445	9.76502895355
355.102539062	326.69744873	9.74499797821
355.473022461	326.699981689	9.73161411285
355.825927734	326.702301025	9.71456432343
356.149719238	326.703887939	9.69532775879
356.609008789	326.705810547	9.68224239349
356.936401367	326.70703125	9.677110672
357.258544922	326.708221436	9.67014884949
357.592346191	326.709411621	9.66173934937
357.903564453	326.710632324	9.65350627899
358.217407227	326.711914062	9.64362335205
358.667785645	326.71383667	9.63022422791
359.001464844	326.715209961	9.62164783478
359.345336914	326.716491699	9.61403751373
359.931213379	326.718414307	9.60142612457
360.284729004	326.719543457	9.59343624115
360.640380859	326.720611572	9.58475875854
361.016113281	326.721740723	9.57541370392
361.471679688	326.723083496	9.56433010101
361.813598633	326.724060059	9.55621147156
362.155517578	326.725036621	9.54844093323
364.780944824	326.732177734	9.48874187469
365.222839355	326.733398438	9.47798156738
365.534606934	326.73425293	9.46966075897
365.840698242	326.735229492	9.46036529541
367.135925293	326.738647461	9.43037223816
368.82925415	326.741668701	9.39142036438
369.590667725	326.743011475	9.37223339081
372.891998291	326.748321533	9.28713512421
373.264587402	326.751312256	9.27670097351
373.735321045	326.752380371	9.26389408112
374.189178467	326.755249023	9.25317287445
374.626953125	326.756164551	9.24170589447
375.008544922	326.756225586	9.23147773743
375.431488037	326.757507324	9.226521492
375.849639893	326.761108398	9.23278427124
376.173553467	326.763031006	9.24427986145
376.515533447	326.764953613	9.2533416748
376.848876953	326.768554688	9.25169467926
377.254241943	326.771575928	9.23969459534
377.577362061	326.773132324	9.22899246216
377.887481689	326.774230957	9.21975326538
378.189483643	326.775085449	9.21105670929
378.60269165	326.776367188	9.1979637146
378.977020264	326.778259277	9.18436431885
379.298858643	326.779876709	9.17351531982
379.686218262	326.780883789	9.16272926331
380.139923096	326.782043457	9.15171527863
380.501525879	326.78326416	9.14231014252
380.915222168	326.783935547	9.12956809998
381.391265869	326.784301758	9.11502838135
382.048278809	326.78604126	9.091588974
382.456787109	326.786376953	9.07954025269
382.80557251	326.786682129	9.06940078735
383.125213623	326.787322998	9.06166362762
383.513458252	326.787902832	9.05083656311
383.889465332	326.787994385	9.03896427155
384.275878906	326.788024902	9.02731132507
384.581329346	326.788238525	9.01648330688
384.945037842	326.788513184	9.00399112701
385.304534912	326.788452148	8.99465370178
385.66229248	326.788635254	8.98616027832
386.052246094	326.788909912	8.97681617737
386.381378174	326.789093018	8.96889400482
386.773712158	326.789306641	8.95961380005
387.091217041	326.789489746	8.95251464844
387.446624756	326.789703369	8.94442558289
387.755462646	326.789825439	8.94211959839
388.059967041	326.787689209	8.92981147766
388.372619629	326.789215088	8.92286014557
388.678375244	326.789764404	8.91597938538
389.013702393	326.789428711	8.90839958191
389.566375732	326.787231445	8.89583492279
389.882293701	326.785308838	8.88860702515
390.188201904	326.783477783	8.8816204071
390.510314941	326.782165527	8.87402057648
390.833404541	326.781005859	8.86636161804
391.136627197	326.779876709	8.85898399353
391.436920166	326.778839111	8.85158824921
391.766906738	326.777954102	8.8437871933
392.119110107	326.776245117	8.83537960052
392.431030273	326.774841309	8.8278875351
392.761474609	326.773132324	8.8198928833
393.091949463	326.772827148	8.81160926819
393.416717529	326.772216797	8.80353164673
393.735717773	326.77142334	8.80004310608
